-6458847
-9028810
12441718
-6346185
11399918
-17519067
6573222
5855176
-1296588
-18511130
7528933
-2590217
-15234744
16278480
18182906
-15818474
931362
-15150212
13830067
-8670813
-14656292
-3249881
2718906
9957181
16873908
8905055
-4148688
17140462
15069132
-18436879
-16046400
-12216333
-12103307
15005141
-2844775
10391164
-14625190
18749555
-1981621
4053109
11718455
8664283
501409
-12814438
-2765038
8954058
7663963
-12980877
13043932
-4199146
6215930
5828393
3845314
19592174
6518226
-16453610
-15102491
-8847544
-1983865
2237218
10639604
18562047
13490368
6643403
17348048
-3227653
16011007
9782132
-9105384
3312868
-7008177
-8179057
5358204
15169447
-7423675
19254464
-13291676
18810420
8941601
13356733
12174187
2850102
19418049
-11807601
-18007221
-16358358
13823585
7321642
-14606214
19181599
-18316988
-877296
-19871225
6864307
-11067204
-9593840
-3029235
-17026105
13953744
-5697372
-1106750
-1889541
18696436
-17615001
-9811606
-19824024
-17101136
-10641885
13556392
-18890338
-792196
10872894
14042559
7370132
5853937
-17790931
-11351076
12066896
4845803
-5946093
19634952
12967614
-10202068
-11378397
4270820
4483652
-369863
6022732
-6721499
-10461507
12830643
-11198272
10285918
7361290
-15815989
3629045
-5794073
8713194
18653618
10198380
-19941120
10552638
-2945626
12796215
5477250
11691601
3034004
15531365
6553756
-361690
-7315471
3085236
16829423
-147770
-11100486
-15402178
4040535
-11871085
-19086643
18622255
-3928258
-19120211
6921704
-6272713
-3329005
-5483697
-11017058
-19920323
-11148271
2343680
-4469550
-18234340
1498584
-14419657
16588737
12556735
-2166028
-5657562
14908114
12495545
-9680591
7943802
-1843825
18418879
-7432394
-5667264
19360911
235016
19490066
-2373921
2039943
10426006
1913609
-13053091
2374734
19544006
-2583368
5405326
-17507673
7097801
-1021865
11289780
-7589135
13928458
-13808787
-19704064
3047923
-14859011
5550616
-14347238
-4205435
-5840293
-13938413
-18968708
-18559696
7511340
11704584
19481672
4668323
-16237584
19700381
19899615
11922227
9085344
-8741987
-371841
18288357
-802926
-18299350
1903107
11582438
-14476027
19344846
-12065966
-3727592
-11074147
16127520
963729
-14264078
18326580
18216368
-7971952
13004102
-13595819
-3286483
-16067138
18010447
13552953
5433453
119533
-6817151
99342
14770307
16846402
-17662031
8567809
-14075042
-16081611
-18944101
19439133
-8588648
1027214
-18718648
112537
9388936
-16051639
2882489
-3093525
8890607
8003007
-14991382
375280
19837875
-10534457
11518137
-17847687
-6204430
-11084917
18172704
447834
10719433
-5972825
17799499
-542362
-7251856
-13619702
-8522116
-18410769
9842632
-16115275
6175680
6900558
-14508614
14317038
16467737
19868651
15821647
19293129
-16111197
1168866
12706834
-15256407
-8606709
591396
7837488
13270483
1940311
-18426794
-13648152
-18259375
-16313537
-9261812
14947352
14491460
7553977
-13551336
-12239402
8735734
-9275910
14495006
-12758172
-8233141
-14308122
-17649168
5594821
13080842
6375578
-6457292
-18303856
7523945
-10254282
-5732329
6673827
-9793800
-7108717
611184
-9361333
-16176158
-10303105
-6383101
-5270009
1527200
1558521
-16435173
16279526
15591403
17164063
6180986
-17885623
8003329
7278865
3370061
3026082
-3952854
-14155959
-875738
-8552630
-18844305
12666574
15969305
12345127
2220102
19164144
4507729
-161418
11812338
-4667588
-12167831
-14624543
-11530752
-1111064
-19468870
12546252
-4344216
-10042460
6713581
16810597
18029820
-19217008
17914929
7462394
-16955376
13674548
-12248832
-19014964
-10041139
-2935205
13591549
16807767
-19082943
-9237736
-18665719
19685304
7352176
-15715165
-582917
14917264
-12703223
7891322
12729121
4229512
-16993146
-8913984
-2383055
9628292
-10981098
-11413838
-8979035
9403091
-15888152
-15826048
18791569
8083034
-8238261
617391
10852282
-18996152
12095533
19039187
-17672933
-14253897
-5252129
-150187
-12084435
14189375
10146395
-2646201
-251737
-9229137
-10275061
-827447
8772920
-18032411
5301348
-9406
17194382
15082374
1298309
11205564
-12046139
6904697
-13070162
15990398
11721624
-19487043
2503426
15260861
13262827
-18040808
15359005
4001286
-18301523
2140275
-163680
1253425
-14510572
2319355
7675967
-18605024
9292218
15518425
-9538917
-4967531
-8614674
14549194
7552864
-18682741
1280770
5577471
13739027
-2014586
14964824
-2084429
15363883
7752076
-5671454
10148703
7267853
-10609933
-14788475
-6054896
9183804
-4543784
11284097
-6415495
-7908364
-13211874
-4637160
-1237978
-18665569
-15068380
5091728
8337178
-13332646
-2240798
-4645828
-9062028
-18220473
18287115
15094415
-13923091
13144848
-15115394
-3640287
7381520
9907381
1118458
13973461
-18151721
10457887
-10575631
12269316
-14777082
-17373165
10422384
-11611226
-16642027
15913539
-11243735
-8504765
5408320
-892039
12921451
-6788899
668189
15830282
-12911369
507466
-8228550
19963960
-7288305
-15831362
-10212817
9301836
-845080
13445293
15531853
18519104
-17430681
-5490740
-14375224
8404275
5647435
15482122
18433862
-16606303
10518164
4202369
-2936543
3344558
-4269543
16934926
10924522
11387669
-11070580
5962486
12740507
8524367
-5400329
13422300
6530519
5179420
-18300843
19881568
-6676104
-2947597
12018901
5136592
-17236576
-18341847
10635638
11053168
2228469
1204796
-11231932
10764189
-12831821
16005706
12358026
-14793775
16936818
3652719
-6161660
-105931
1697787
13539833
6295446
10694252
1337159
10834274
9727605
737398
17508386
3276436
14976627
11561846
17886434
15763907
-7343108
17148639
4973135
9008797
-15145809
9750742
-3309248
10774784
15663644
-13284620
-3573466
-16034459
-19415468
-11644623
-7987848
-2849805
-15707920
11987892
-5587866
8913695
943322
-7542003
2876946
5110086
10948492
1555867
5869694
-9382281
8061659
-11333149
14861866
17628947
19451133
4806307
-18026336
10562304
-16742469
-16583832
-17711231
-11654617
-5328599
13827006
12077524
3213058
-8203661
-5938730
-18953390
-12968175
17898985
-6198639
13006559
10586900
-11043066
18746535
3350249
7184595
11090959
8769850
-2611657
-15662818
5966118
-16288954
-8063367
1121805
-18512368
10995576
-19314964
-4114942
11349968
-8427296
1074426
-2806496
5460441
-8153193
5353462
12684894
-17993672
11683996
11726835
-14975058
-2161079
524327
-6185437
-9655738
19213492
3261675
-9512803
-9456866
16697613
6500414
-4004940
18426826
14874009
16122708
17237430
-14323379
5379461
16786084
11493878
19954343
-18259545
7695890
-5009661
2281010
8549112
-10926996
6719959
15943738
10162867
-5912507
14616774
6662091
7859004
-3361036
-4495748
15972633
-1022066
19898685
3773828
-9626491
11526786
-14787893
-17570252
1917423
-14956972
-13793457
-10636247
-2246121
9761566
2969133
12007032
-13029936
12612442
10037254
4732927
-3336764
15140964
10424417
12445049
-10247795
-16896724
-5653456
-7834663
-11441351
-1017127
-5989860
7302511
-18975677
455409
-2932386
-17728431
18730039
6851364
-8532966
-5153130
-16720756
-18140772
-10526744
17290713
8460214
-11505488
-7730275
-17555295
11367570
4021457
-8819275
-16430111
2054335
16217660
1901488
-4344175
2330674
18345830
7678623
-2459366
12174599
18528566
-10969475
5893979
-3742438
18149512
-11143412
-9105111
3989941
3869245
-6131837
17311229
2350498
10600300
17799492
5349196
-4567885
16629190
6908222
14262531
-6335675
-1800278
14620254
3006179
-48416
-15724203
-10881508
-5056070
776285
-6704680
-4491560
830396
10176452
-3055194
18780872
9700056
-14126331
-7968604
-4900146
-6948670
-14787308
-9814086
-12270933
-8567073
-6842767
1304057
-13246348
-8614122
3187918
-12895586
-16837304
-7627226
1757561
6433196
-18009106
-16867848
6076268
3074484
-5759596
-8511199
1707443
10578200
9818615
-1962547
9239780
4050416
-9146931
6655645
-701175
-14127305
-27458
-13561187
-8833709
-6048625
16015556
-16470721
5498340
-4768531
-9121440
10575440
-11446789
19003969
18770935
5856261
-4019831
-2639394
4367296
15294456
14466046
18536253
13484069
9102033
7524136
-9227016
2439229
-14360812
-13467484
-9998575
17885155
122515
12327917
11896444
-119869
-931714
3669125
3057484
1021385
-11677587
-16416746
-18763594
-12977125
-15552432
8532219
11858546
-14683960
-15199220
10518579
14604667
12474210
-15168768
8449533
-5603956
-19088171
15287088
-17656644
3394721
-14235616
10217663
17376110
4957560
15643774
-5420516
-19999033
913339
-6549639
-16189488
1320154
-7930953
-19225655
-8690990
-17320011
8608840
6309302
13661204
7984560
-11271787
16099889
8021189
-12772139
12166662
-17376660
-2640226
-5503173
-15916683
-14017180
15832112
-5094291
-17390295
17817385
-9557473
-9828591
-15328138
-14453509
-19225247
19382024
-1991751
-16152987
-19116005
2085853
-11001922
-17997198
6831330
-4405208
10789377
-11535371
10239511
-7483
-8281478
-18707756
5373083
-8217002
16114333
-10445001
17015659
-19327962
5426897
-6367035
-19195145
16091596
18002093
-15137481
2207939
4221283
-5516768
8373731
-11830950
4747656
2334094
6919971
-864673
-16104140
15830183
-19697582
814320
19810907
-19286472
355755
15225973
-10601197
-17870656
-16998347
8623457
-14465380
512171
3033024
-18345941
-1890237
14171607
-7081165
11308294
-2356634
12555914
15878782
2837818
8213332
-12798067
-4995973
19008712
2058237
13524744
-3692510
16011724
-4165653
-9736396
13712477
15926651
-8643989
-11097815
-1274031
9784925
-5096659
5328986
6079580
18429274
-4169577
-5443299
-16588410
-13557064
11240215
9666918
1761724
5841447
-13230245
8628266
-4599850
5647109
-1162929
1257302
-4652845
-15554283
13231723
-12113348
-18284090
-2614903
-5859083
-9297298
6951005
-14120079
127341
-8991778
10014557
-10791477
-10308649
14217792
-18078501
-4083050
-7328087
13398055
12049812
-6615728
18690546
9091582
6064245
-13318683
-9525356
17740422
-10661603
13900662
1678157
-12538415
15424577
7608321
-4294865
6734120
10494016
-82930
-10921979
8020845
-8429710
15500696
-13599924
19184028
18796186
10498284
-10683147
-4346221
-5660371
-13487799
-11720259
-5782188
13194337
16724801
-4097930
14797553
-17000514
1217309
-1959882
-5285912
-1867152
-3126200
2166839
15953946
-8033836
-7586563
7320144
8558885
11767476
15165723
3672396
9635174
379637
-10609122
742534
-4996071
16479143
-11473279
-745522
-4619906
-13975127
-11559281
-17853465
6095297
-4810823
15762664
-6239054
4488847
12246907
-10624324
12277504
3639203
-8241039
19844904
5804313
19461121
-11509338
-16724053
16347999
-14351870
1413863
-11830080
-12206883
-712997
-888835
12775347
13521117
1090258
15800736
3510191
9413719
-12823359
-17886828
-13823560
18942647
-5316170
-5911557
-9132806
1862298
-19497262
-18551570
16997298
-6371658
-4839472
16218125
-2849603
-2844571
-4286144
3168736
3525499
6993436
2551895
12556153
19211698
2742904
-8536104
-8082017
-5406757
-10271150
-13945290
-8512193
-17586999
7977429
-10863852
-19214076
-17075782
9847990
-14182740
15371308
13185570
-10052664
-3298953
-1555357
-6254843
-1041560
-1384062
11586934
-16403200
14879359
8988982
16314842
11604877
6874550
-18157361
17805205
-2493684
-1371686
6514105
-7432071
15854089
10002525
-897735
-19426967
14579857
9189140
-8132575
-18533154
16813991
19787505
13273903
-12991884
8454342
19933644
-16672434
-6203158
-14630851
4231269
-8235529
-12072174
1665285
11541455
7152415
9257311
1610486
5560924
3688299
-5254115
3097428
-6800205
2506612
-4261017
18089753
-18902664
12815541
-19631660
14271976
6048219
5386792
7334206
2684159
15439253
-12397243
-9359211
-783719
-7978325
10639702
-6015742
11070037
12745831
-7347345
16927893
18744680
15746188
-19226012
19387496
-10791360
5156293
-8429633
12917682
3044357
-5548510
-2600719
8179116
1782376
-4451003
11602217
8019859
-1676436
-14958352
14189176
12228831
5063426
128266
5834697
1516288
-1581940
1630741
5116692
7734648
-9796635
17496805
9676757
5075423
15441783
-4943983
18663159
15984947
1084478
6676140
19052350
-5398681
-2500100
-13057996
-10572975
182277
18474836
18678273
14826060
-11190311
-19457449
-9907864
15071079
-16895223
-1164011
7495548
-16039856
11850586
-7763791
-3724700
14260486
17349011
19187021
4569963
19106342
-2743185
14651925
8436249
2242960
3610286
-18595432
-13878966
12541665
14833636
-608077
7143426
7860694
-16091716
3029510
12118153
4498321
-7119651
-12468778
-18695991
-17115636
1787666
-2601427
-15666634
15393400
-8012719
6748101
15360038
15535449
12762102
3862054
-15467206
4164042
-2020940
-7120067
13382225
18384787
-12590701
69623
-18189282
3966807
-2998087
-14743902
-2111105
13060802
474959
-3917861
19253429
4012778
13533253
-12337423
-15378313
-1390048
-4006355
13933224
-6033715
7639483
6909325
19576963
19896148
-11212282
-1283402
15753683
-18535346
-1409206
10209796
1774593
-11850346
-7439052
-5024562
-16984093
-12807404
7644636
-1875910
4416040
-3046867
-13719645
-14190158
12204610
8328714
-4253139
-910438
9182115
-5208967
-5641745
885594
10081428
-18183806
-5725760
15483629
-8072316
-5735940
-11133370
-922381
15295886
6702388
-15827528
-3956653
19104851
11366412
14470100
9540630
-4646436
-17494077
-13321952
-5174379
-14302129
14798898
2120680
-7867137
-9731361
16115537
-1351296
-2691734
-16901750
1846432
10695405
17814324
-8863116
-13693118
16969888
-10573214
18443802
2248574
14768541
-1054952
-15224597
18209237
1740260
-2033834
3709504
-10496622
-12782033
-4145862
-15887243
-1266419
-11028791
-4540198
5008856
-2197981
-12209440
-17910956
8797
15059313
-4266584
10952361
-15664436
-713361
16640779
-19836474
-193522
-15794816
2346512
-11786222
13337438
6947832
22074
-6100242
24531
-8093788
-18774633
2653661
913052
-12537829
-10940855
1980645
2445897
4716800
-13154455
6693901
-5371758
-4144638
-15477794
-15480521
7724421
-9005662
-298014
17847796
18995764
2494942
-3245537
11486905
7544340
-805865
3570837
1738274
6578483
1673099
-19139625
9633764
-18030449
-18205009
9013632
-16702352
14004477
-10939389
-18617050
852489
-6003787
-19391000
19865413
-11140990
-13514512
-7184141
18734528
15582719
6101518
-3090003
6367486
-9355558
11200776
6312400
13173428
-12736381
-17891829
-4313128
16506126
4928266
1777728
-12429953
-15689042
-7872127
-11400912
15384654
-15238153
-12319593
-3047589
-14759896
3080668
1899968
4211477
7713243
-9177588
-1145136
18293925
-4727066
-5613891
-15389831
-18989719
-8118904
-17266672
12025197
1916826
12625676
-2715808
-574929
-8220484
-13200355
-2027297
-9427235
-11700827
9218251
10015829
-4493862
-2299808
12757820
12204070
18946799
2369226
18642968
19060024
16637549
-16074044
-16805831
9081957
11325644
13844009
-3693385
-1510804
11701044
-12186433
6532430
-15664569
3408621
-6336318
-7849310
9654912
9321742
17161115
4302649
7279418
18038270
7292259
12239069
6784423
-4822573
4170711
15506600
-7547031
2724094
6406946
-6978735
2399630
-9471860
-14187873
9808872
-11118877
-2612014
-12825558
7831747
7415828
19892059
9182026
1120046
-17975360
-8095189
6214187
4037959
-19349183
13728206
12898501
12429467
-13401562
3256447
-5549350
-10842370
17783078
10291691
-12501514
-17299144
13432707
5277049
10058913
10220669
-3498396
14750128
5656415
2650353
-6242181
16168555
19896183
-9130406
598407
17152320
-13848452
7077287
2449922
17175348
-5047855
7027531
17212169
2613224
-10559620
6976963
4878160
-18722883
-7353280
-6226712
4932956
18346437
-4451412
15219600
-11385905
15343546
19610289
-13774350
10315216
-14631087
12238036
-8821686
-5770176
-5412305
15483222
-19574167
692177
-7109168
-8520704
-7410741
5477919
-11054644
-2582525
14119212
-16260406
-7476934
11139676
-8237033
6264153
-12614155
-17421939
-9386488
15323310
11020491
-7027189
4430618
-6211551
10783733
-4769706
-3668948
856998
-7227005
-17363593
5423236
-14111108
-10178679
-14570792
-14748263
-8761126
9752332
10545289
-7167709
-5314934
-941038
-276992
-6151497
13788620
18009081
-8021715
-11640886
11547354
-8604338
9703716
-19576348
-14719971
-8712670
1642486
-14116815
-6203856
15901250
11975684
-17909696
12145239
-2882543
-7790967
-157435
-13291944
-8609218
16652001
6374477
-1702266
-14663457
8360875
19529834
-17822821
-1980811
3540761
6686934
-12744416
-4474180
-10085839
-943513
16240998
15431643
11504982
9864675
-18122410
-12993976
-14222430
-6888651
-13413980
-6303423
-19449351
5689726
-12362164
-12370939
-4021161
3815257
-7075848
-7532827
-937449
-18757417
6089400
-12378607
19936418
7771288
10019553
-14383502
9210642
16949683
17088353
4579804
9719097
-4872875
13838881
2489676
13418768
13869201
11900490
19520913
10895916
-9968163
10385125
-19313522
-19160598
-10621652
-7795938
14566338
-11603576
-2490751
19702325
13941852
-4469483
-1380258
7741919
13347479
-18032279
-11550018
-1070449
-19557993
-11792992
-9212155
-15039410
3091506
-2183730
-6591600
-12631995
17909276
11961582
3925536
-6413772
3333703
-13124662
-16571147
-2479575
-15507237
-16408654
7297398
-8503792
14823563
1106430
9375806
9717302
-19243790
6917397
18021157
-16084661
5135711
9012569
-9297313
-5422571
2223813
-296669
17644052
219847
14647285
8458635
7341700
7757280
7987511
-11546516
-3421849
2208014
-10259703
-13301165
-900125
-1221003
19941800
17994609
9280077
10016589
10460362
-19375125
-6087890
-9611102
1464570
18677688
-229285
3035105
-15372274
-4387956
-10525196
-14738131
609690
18282326
-8529452
-17816945
14593512
-9878390
-2087228
-16983421
1518227
19403391
19613586
-3977118
4829161
-16601306
18276606
-6817170
-692781
-10066065
-9966215
-12694959
18381812
-5663450
-17899216
17534833
19272701
-2274330
-10980287
15270675
8596658
13049601
10798971
-17704820
-18433862
-496258
-17333358
9936063
11554650
5432438
-2048157
-13827212
-11573148
11163908
7949959
-5560555
4615816
-4665850
17754769
-6329138
-2535262
-8945589
-13650100
-10975658
-568415
-15315742
-696624
-19462788
15103413
16638351
67809
-5201171
-19205321
-5038292
13692495
-995301
19892438
-18553864
-18668269
5472927
-1789913
-6845226
-1070105
7699417
-12020866
-5769251
12159630
-106315
4500363
-4471740
-15291864
-160415
-7269529
9139764
-9724214
-1328454
-2809368
1403560
16782902
15065404
18234039
-4692755
2308173
12526783
7426083
-7887414
-7939033
6620093
-12398177
3941555
1879152
11741197
11848062
-15394696
-6377824
-19765004
-18939464
9140008
-17709850
-4553937
-466451
1599743
1840723
-17062637
-9122069
-4046678
9570579
12656613
-5609110
6242983
11786629
15630818
16303096
-13487498
2619679
-4322348
4075578
-16411807
-12969226
-6066063
9170460
-11771328
17163178
-14275186
-2520734
-17843173
14446104
160231
-8406719
16041127
-11620880
-5885777
413258
-12053002
18449364
-15480167
-3154841
-9808622
17424394
-19978998
18378756
5465538
-16452912
17843237
-4502647
-14956700
3599772
-16612249
-6047684
5277945
10614077
6955779
-592492
-746717
-13372353
-4401465
5269272
14529622
12316558
-9728655
7299546
16996553
18585253
10352139
-8897627
-14154366
7918844
7165845
9985329
16467336
-4366359
12605674
-2923028
19802662
-12712373
-3512185
-13185861
-10511787
16737391
-19793217
18337605
-9643445
16106292
-18922138
-9257157
-18274752
-16473405
-943047
-998644
-5871074
33880
-12891339
8749742
-2409317
-17021332
15870497
8214515
-3127964
-14079097
13077200
4641947
1856003
846459
10392252
10284907
11958060
-11549100
4026199
-9919931
19605887
-18675894
9829778
8376015
-2870646
-2281035
-6795239
1088852
10080052
218047
-6712839
2155190
11633148
-8559893
-10314015
-11608167
-229275
-7051163
-13318743
-18000675
-12379922
-18556171
-12396552
-19461033
-7166719
-18934822
6375705
-14807583
13616461
18065119
6630481
1865694
-1684646
-3983327
7177718
1090434
-14380652
-7678994
-508517
-15698336
7547944
559500
-2658754
7160692
9324877
1059119
2781333
7356352
-13246569
-18216715
-16987101
4730551
18506104
-18505148
2126025
7973684
-11634166
-19414064
-8158098
-5797396
8126260
-19289989
-2560283
-9297505
18750945
-18152173
6563299
5241240
14436589
18477166
-2299245
14074454
-2892479
18806731
2007350
4974161
5532368
-13123646
13833438
6979559
9877814
-1016595
-9402859
-16532964
3095188
11960930
-10779252
12168242
4224317
-18015501
-14387101
140948
-9578505
-15799851
1763399
9910621
6775441
-4516613
-18958426
18786379
19945261
6219777
11873721
14207181
15759896
6873382
18123823
17141705
18833036
5222303
17381298
-13198162
12363377
-11986435
-1482085
-16935645
15867032
-7923086
185102
-2401040
-1738396
12453888
19083667
-18251198
34281
-12059840
10107320
-5457525
-5659567
5069593
12647172
-7806756
-9482257
-7560495
-17346428
-3972817
-8325281
-17237645
-2543107
-18717584
-6747479
-11932860
3222284
14928455
-1837969
10269999
-3152778
-4046097
-2949878
-10866149
-13643911
3998212
13967584
11718227
17349563
3590665
2766091
6247789
-313094
-9593720
15410586
-18270690
8119125
-13245800
-11220687
17493742
-16782670
-17775070
18962354
5665368
-9669110
19214186
-6685421
4252830
4925711
-261605
17131571
-2518451
9714072
-16891734
14920830
-11085836
4093168
-5052323
-1374246
12636375
7055368
2678244
15270710
-14058571
-15002661
-3865629
-936017
-9111457
17523129
-5995129
12441607
15407451
1786188
1100966
-2529807
4081598
9688970
14361763
-10248081
-12946861
8299940
-15972522
12749745
12774258
19181535
18854607
-489698
-9521587
18294207
2141569
-12772983
-10599972
-15692726
-19316723
16927392
-8992679
9531093
-887125
-14772945
4763479
-15135607
3807586
-17460840
1696958
-5978274
12814297
-8107216
-3350998
13397172
11525965
15736748
-7901321
14799519
-16357060
-2825662
-11963385
-2247372
-17073734
-2454139
-290542
-1328491
19946404
-2046915
-16153300
-15797385
4558562
6631636
6222623
-17438885
11430822
18841340
-9759116
2542855
18712961
-19380120
18395694
-13788008
-6362262
-19476689
14855004
19100573
-11260362
-1292721
489450
13839504
11834383
-6727798
-14711345
4574060
14915159
-12640382
-16320336
-11919409
10533136
11395092
-13820636
-12961411
-14375572
-6670357
-17840093
-8314219
-10076089
4055453
3543683
-3302405
8708671
-12932113
-7906930
-26195
7842922
-13793082
-8101063
-8006337
-5955183
-9887613
17253799
9573196
-12604086
4742456
-4030190
11622562
9913573
-17107285
3827833
-19433803
-4851402
3721134
-14397308
-4620193
16758918
-14758019
9516432
-14285306
-14041982
-9478780
-2334582
-3312083
9001370
-1600193
-12023268
-8013372
-4560471
-2039345
-6104525
-13389643
2756648
-9643912
-4817113
-474602
-15261125
-1474099
7969969
-18286379
1081849
-15541668
7629084
18826322
9935939
-12490687
13293773
8120742
-19384639
14939117
1082596
19930568
-486610
-5502687
7840368
-13573119
-213017
18912615
-3568762
-4385865
10195934
2945119
-7007812
16530158
-14336760
-11847715
4840774
-13531287
-18225944
-4862082
-6614870
-15146198
1311555
-6227195
-13417701
-12471368
-8630903
18699866
269749
-328693
18374334
-6536905
5544830
2533730
17156076
12721777
-17962779
13659647
-19469997
-16713935
-18754939
4582490
16065237
-13563045
4514527
11088313
15967672
-8777229
2645184
-8769539
-17958619
6248993
11977269
-12959063
13537255
10401028
15748892
-2921614
-17912798
-6490594
-13990612
-14179563
-5552763
-17391145
-131203
7884943
-2412188
-9726855
12405788
-11695856
16819360
2717044
-13529958
-3389072
2364915
-10274401
7301371
4286431
16834623
10165669
13040652
-13359890
-12067428
-10401384
8005493
1225135
-7209360
-16797911
-10721761
7975698
5185947
9386238
-8436096
-19281675
3646477
12949999
1343863
-10387506
3029474
-977170
-2310277
11602741
-10999374
7456365
7219469
505254
-18032310
-17069774
7809134
-4516000
8943756
15324502
-18547716
9870553
-1463276
17769700
19824269
-6864245
-11895436
-13795059
11985324
6985519
-18757803
17213580
-18669990
18525000
13587058
-6021754
5590201
-13074073
-15885611
19517897
-6204284
-15690087
-7080813
-7589531
-19898056
13444724
7553347
-7479300
14725715
-14208849
-9112486
9682777
14507080
14856103
15204833
-1956053
14200769
12898416
-17141522
4562198
-14964730
16951874
-10901584
10568771
-3447335
-14878981
-19545373
1832856
878351
-14302297
-3833190
10540904
-9739976
2005052
-18491466
-2587369
-19929197
279993
-17824492
-13451017
3859048
9404868
5417956
-4800440
6406135
-5214979
-15240132
-2062736
-2906032
-4115437
4533702
9698255
666799
-9028884
8094962
2305663
-5181648
-14141865
19370351
7681241
1260145
17441626
11793206
10095448
-16806344
-3171862
-4747303
11715474
3517327
4973677
3406800
11347978
-7270710
5717348
14833153
9295637
-5664269
-11743878
-7948240
-17997298
-9078553
-18979778
-18110242
8056318
-1847379
11818267
-2050544
-19050762
7710813
3844581
-6280929
-6274215
-4042150
10776313
-19832747
-2838905
-19613873
-4195069
6722573
-7607926
-8882747
-6169151
9718815
7204059
-4464446
18542870
539296
-1916213
4661664
3892431
-7676251
16929206
13563702
11465474
7703438
-10443743
-14951817
-13922164
-8055402
-11005639
-16789192
-4100963
-3924500
19207604
-14837361
15697433
9859496
6093605
-13810242
-7513928
4309991
-18275522
-13327538
-11128971
15542314
-13293445
9110615
6207643
14424319
2290601
-17054330
17579460
-9156954
-11114015
-9151702
-5868476
-182445
-8593212
15198035
899382
704738
-1800073
-3365231
5547555
-2722170
16747389
4434051
-18678313
7750268
13918756
-4764780
-408237
5804488
9379222
-5519905
9118494
6047339
14133881
40012
-16916105
-13976255
-16674351
15390816
-13328377
4009726
-16986095
15747094
-9636558
19370805
-8446667
11628241
17415800
-11148972
-8166098
4583547
11870453
-19463457
-10104369
9225553
-3067749
-9382610
7072034
15360008
6203430
3946156
5893957
-12242050
-11493454
-4242068
18553975
-2006425
13784721
-16372065
4485772
10030630
4593922
12797689
-15484124
4819991
3104959
-18890398
-11612964
-8911220
4041281
-15200227
-17151978
-3001900
-3644068
1560332
11528189
-12882410
-6033428
-625019
3881354
-14828229
9005184
18026386
-4972158
12248889
11585179
6936223
9388292
-18567065
5392230
12817771
-3404731
10328439
-19144851
16777073
-2489150
-1701552
8789051
-9825928
15240599
-1623969
-1840779
12543982
13135176
-9004450
-10795181
3070672
-18642257
7445473
-16176059
17354397
13799872
7939673
-2486574
-1809148
16427603
2631099
-4210743
13474183
16041179
-17266260
-12934426
-5939637
-11979101
448499
4790626
8691219
19128693
-5457432
11912465
18504209
-1468283
-13552010
15749356
5395368
-8841461
3817354
-5233863
-616873
-16268644
2968694
13057564
-6053809
8650737
-629412
10841401
18116049
19475417
19224821
1925193
-17403860
-4480565
16124750
11086332
13520761
3920296
2632628
-5243503
11415739
3474701
-6242621
-19400983
-1936683
5078348
-14607571
12944541
18172846
-8456062
-16682947
6164076
10051116
-4612562
-10623827
5686311
-6846098
-5351044
-14692597
-15538119
6358886
-14989145
6806356
19064864
6444369
-12941196
19576334
19146356
13383992
-9182970
-11693707
5134429
11509582
-11537516
-15861052
11464810
-11372556
3136669
11865791
-11245629
-18933517
-6516068
-18067738
-18674337
-3252202
-13939563
8008106
7581358
-7780859
6973224
-16152003
915757
5500988
8073390
-9482185
-277287
-14100767
-2633616
-892855
9251392
-2226404
12314734
10267893
19929283
-11918657
19479359
14405985
-6810796
-19081887
1226929
-7941890
-16043494
14033750
14979693
-13148988
-2707119
-16313154
-16233811
-3503137
-17185331
11468285
-17466719
1895924
8005950
-12943025
-3100977
-3956155
-2518114
19263829
-11803117
16756231
-17846196
-10130264
-6152207
-6449240
-5106780
-7590646
-3145053
-6663737
-16866199
19282649
-19952121
10294921
-19374783
16873010
-10790302
-16526879
-19094852
-17862902
3248891
-6304843
-455959
6869198
-18106836
19603087
-15041557
2244641
-9735315
-4485179
7011967
16025557
190340
3019914
13618019
-7510190
16018717
5634249
12856909
7712958
12682521
-4328645
5182697
-16509309
8496007
19758383
12527847
11626855
1738536
12328325
8365000
-7971641
-19869555
-1952441
1140343
9123939
4921853
-19310243
17789364
1949364
-17771184
-3916779
18130448
14489490
-16274934
924993
-14936298
-16854302
16474161
-8294857
7583320
11159625
1171771
17441537
15092706
248639
-5349061
16858400
155280
14365876
11969359
-19710339
-18614827
-12445266
4226595
19741653
-10667629
-16458004
14554398
-4903172
-5534293
-9131810
-11955306
-16304998
16776626
-7206928
17955487
17589993
10039408
14135403
-14806335
10128846
4437501
13528561
16902811
-19322477
-8329485
-2989077
17126538
17081824
17197925
-48708
-403181
13070163
-8926195
577437
-6413523
-1781173
-9538069
-19753234
-2129811
-14854033
-14158124
-3443156
9542760
-8354926
18464371
-5652444
-11953696
17978316
9809982
-15133880
17496801
-4172311
-15184110
9440170
10836868
-10169169
9494147
-2962977
7023514
3654480
-6217086
-7851030
2730890
11251897
9424687
15445765
-9779642
-14930900
-17485755
-11148358
994826
-2267322
2338037
-13551544
10866574
17459188
-10869050
-18109152
16677418
10607419
13517067
3883419
-6610656
-1566557
12097236
-9370883
-5443619
7797827
-10278169
11722166
-19070547
15560509
15695651
-7886430
10987173
-6071405
7723735
8748447
3402203
12907714
-13072197
-17365574
-14125308
-18203167
-19020048
-10193236
-978286
-831474
14309774
-1502087
13064509
11794799
-15666587
16618988
-8774929
-5948733
4238859
8355627
-19666236
-3068764
-12088171
-8382863
4545486
-763089
2773422
5463829
-4656043
-1439984
593418
-14109306
6677011
-19952001
18340397
17724046
-14698186
16815758
9646928
2205211
11395283
9899241
7939965
5332784
2327345
13394185
-15583694
-1505076
15361069
-1806677
3296142
6221427
762283
-8976683
1953009
-1110407
16810115
-8685992
-8162751
-2254077
-5944385
9179448
-9267275
-2938965
-18018174
16794257
7214550
3719372
7820248
18146913
-18232687
-16846806
12436970
-16602471
15309287
6968518
-6606340
-3767630
14908789
8127973
-14769985
18467650
-17184980
16539808
14588125
10735089
10931979
-13254914
7739471
-13872415
-4110153
-10772402
8978283
-12477856
-11091193
4757060
-14751888
-12730183
-9649906
12688460
9230246
-19243556
-5249279
-17836079
16214598
-9940127
9312989
-6735652
8927236
10019352
8074096
17547859
13192654
8284858
18139386
2582089
15020030
-5750164
-5959234
-17582601
12323374
7038857
-317564
-7086084
3570122
-363298
3855969
-10486983
13721283
10927225
5426209
5613269
12996808
-1853958
-5689853
10771212
4895742
14324345
-13344968
11491715
16741372
-14429997
12436476
17025696
-16123076
8349232
-15520564
-12168405
8559351
-6341391
-8950171
14862486
16749782
7612423
2803300
-1292589
7671523
-11647778
-13596723
12893303
15590158
1773395
-2446052
12685282
12271233
-10850269
-9188193
-18626847
3664636
-13998790
-16837296
-16419600
-11755744
-18658618
15153171
-18456261
-2320363
2783688
-15746215
-5586421
10683252
-11896287
5718772
-211345
-13577737
-4848926
-7423718
421855
19020365
8621892
1914072
9966209
18706230
4048148
-12276433
-6030588
14248162
-16037638
-3682813
19739429
8726923
-9291292
-703823
-1582002
-12998916
-11595381
9584562
-13296218
14711733
-16001466
-15829884
-16710051
-3329088
2339416
16769218
-16598872
-6892268
-5110365
-12299280
10527897
-14581200
10428497
-6586288
13025809
8911224
-3003945
4039346
13227211
14726449
3790969
-3315822
6182516
-8791261
10047011
-9064307
6038248
1949171
15554732
-8821577
-12101600
-17546067
-4334578
-4895114
16865788
2661187
18276543
-7722589
3912348
-4458500
-9606535
-13452012
12688738
10595674
19413261
11981723
1910820
2105847
11722938
4677228
14636385
-13934719
7965848
-12012393
-16001857
-17027626
-13691369
-6494748
-11896194
11284281
3750929
-7216466
-3734558
-11238257
-13012104
4630795
11856605
-1628265
-16223434
17213968
2565496
-16546490
4539312
-366678
2363624
7091996
8425814
-19789080
18424314
8717306
-6539133
4109189
15251505
3470970
-2851226
8939044
16441261
-2861967
-8228924
-12669007
5563058
16570779
-8261853
-6390514
-13150188
2545258
-755386
190803
-15184958
17978032
-1457785
2823030
13524953
-3821622
-6557070
-8194767
-1532990
-3788542
-8556325
-16279022
-8396090
18494167
-2325610
9797403
-6995381
-4900822
17068917
-1074308
-234331
-17079791
-6745472
16213789
3891856
3669308
5262861
5702787
-5963901
12945297
1111727
-5103869
-2001283
-18179760
10272961
-2495984
13104608
19253021
19866763
15412433
-7336778
13509232
4527996
14877268
-13049117
15067067
5281625
6435083
-9093308
8552121
-8603716
-18073129
-1693538
5443310
-16415268
1778451
10685625
-8806916
-670284
11891477
8273369
5704921
-18114902
3105955
-6404298
-11850059
-16568975
15335319
-8132268
2013624
-13222516
-7620427
8358773
-10902816
11828168
-12135439
-15775876
-9930542
-4865998
11516579
10695601
9736188
-16166094
8344473
14053872
-8369898
-1748803
-513060
-13351830
-9461402
11357209
741037
-6597626
19558813
9856769
-15633486
-14504431
-13099462
7476719
1730597
-14034397
-18577245
13223711
8337504
17081270
18196302
10945657
-1174447
-4525128
-4397164
11386182
-15328557
-18154393
14734791
4322866
-8102315
17740472
-10990723
-14054506
6646517
-3432499
-4810133
-11312682
17204447
-4165952
-10320335
14019468
-15931149
-15978490
12206661
8592368
-7830151
16429138
-18636896
-9017942
2698352
-7716655
-14537121
-13852518
2822707
18322774
7433494
16395670
10604287
-9814136
-12315574
8985536
3257886
6683565
4489803
-5826176
497916
-1315701
-2128
-14087698
-10339701
-18140875
9405062
-18399088
-3410246
8478305
-6298339
11978514
18442294
56814
-14865945
15577043
-3345907
10078489
-6591858
-2659507
12725940
17419815
12344438
-14243631
-1947833
9505988
-2438226
11766874
29861
-13131037
-4381707
8911933
-14977248
11163625
-19959482
-18982094
-12945350
4886240
-18811248
-7458450
-9945518
1053689
-14182144
6127603
845471
-6858318
-1912718
-2714056
9991030
2318056
7753599
9723783
-9682689
18865696
-11843736
-9322161
9704186
-4127043
-5699013
-19310761
-6427417
-14105616
-1336356
-19062910
-16726178
19854275
3266487
-18546602
3962326
13243988
17613639
2243560
-2793889
-8527974
-19811941
-15542612
17951138
15783886
16997677
-8907518
-10230907
3793309
-6265843
3765412
4942196
-16948102
1577074
-18768189
11159612
19992123
17427000
-18696297
14064642
8984337
16200310
-836844
-7939104
16800147
-18889018
-14523696
15919383
-9663475
-14925210
-15045186
-8776585
-7933279
-897429
-19955161
-19161177
5019982
-8714208
7760028
-19772627
-1487391
-5943211
13415110
-3318091
-7301653
-12668237
14411544
7770155
12371222
6057431
-6495381
-236538
-18663842
-9407720
1848977
-12664101
18994721
-16236325
-17911024
8370491
-13906468
13524328
10787837
-12791666
7117869
-18446224
-15798518
-10335823
7637695
-8841453
-12598448
7416449
17684827
-7786996
-1206249
3973375
5131479
-17507545
3420840
-18295309
-3114479
11341731
-8996853
2706200
-3033759
-9221473
5880268
7585050
-5514241
-13070566
-2301901
14885800
-7076697
-5434686
10122282
-5153505
18283474
-1722940
-16979067
11661933
-19681460
4203763
3873372
17980984
-12818524
-15158667
3304249
11591223
-10481954
-3699672
5039513
6047815
-10136528
-11660329
-2325270
-5485515
8046127
-12331018
-13451079
10104946
-6210035
-9669324
-16447256
17277703
-19643880
-16084442
-11376523
-6618408
13411787
-4359614
-1338005
9392668
-5397017
16187544
3510200
-5472793
1629165
3802082
-7653878
15512336
13240962
6661642
2656198
-11108647
-19330648
-17693538
-2234272
19986462
-8004979
8037100
-3545373
6078531
4305194
10106129
-12352050
-2376773
7321388
-16152407
-12406308
-12634956
-11549053
2912606
14134772
-14262136
-12480143
9116903
-4535881
6515138
11112925
-16880212
18530772
19901437
11401557
-12287487
4516800
18334092
-3875208
19279631
-5959318
1250064
-15665770
15417457
-15863208
-19947711
12948475
-19922971
-18614667
19118582
-8901089
-7469598
175551
-15474011
-3359801
3457337
12484269
15307066
-13259479
14463517
17052317
-1818480
-9272149
-5120273
4604688
1817375
325148
-6098862
-16668592
-15272920
2889901
4319442
-12692876
-18537046
-9716328
12277152
-9197108
-16912001
-13844823
18661355
12483608
-3775719
-10807569
13758228
-4518249
-5238061
12357701
2730960
-18996023
-1118327
521076
15020381
4219333
-9620731
17388057
5225293
-5659309
11781006
19920038
18042717
-5691597
6149485
-493204
9842541
15514516
-17988346
-5508906
-6139308
1318141
-17432774
-15354421
19634223
-8296949
-11904888
13328818
1339140
-12619747
15895190
-18741639
-17195263
5725395
18801851
-1515803
4616295
-9036622
-18101666
-8638328
4601532
-7205225
8824505
-605743
-1274683
5937717
-8191526
15959994
-14520865
9422962
3550504
-2506501
15705962
3602896
16227654
2239970
5742199
10883143
7243647
-7435725
-11398144
17134377
-7776310
19175615
-16614447
15179355
15068161
15208957
-6775660
-1529375
9429762
14412534
294077
-16996888
-7576601
1543979
12162140
-8286149
-9174872
-16578962
14466845
2618150
-15266541
-7212042
15756882
-11588773
308048
173037
4753707
-6089777
-4431466
8553670
-19101063
2283900
-2742705
77194
-10688725
-110369
-11068055
-19426334
17014430
-7967498
1649279
3678849
6332397
-15277051
-11912240
7785499
15617342
6316136
-704885
18155353
-18736553
2678852
-13147482
-1288298
-17070001
538679
10683268
-12579990
-11395991
5690920
5395705
14261138
5656360
-14719041
-17475187
18963476
7383329
3516404
-14863642
-12118570
-11634339
-9434341
-15675936
6390461
18129759
-14032996
9701577
-5277686
-9074380
7514003
822840
15534495
-10497678
-7794231
-3895412
-3104798
-18077740
8666361
13211671
-15382948
-19480859
14259044
-918537
8070783
-1782609
-4856954
-2682887
15908411
9690240
16670216
1446063
-297936
18135447
-3014371
13519606
12762333
-1464936
-6625758
-3784898
4081175
-5424584
2296043
-10319608
6060060
542001
-12564480
-11769076
-2978077
-12753406
-7327381
-9754608
-9349789
7244322
-9557561
-1121902
609845
-6391055
-14518143
-18398799
7425253
-19258712
-8916070
-12553342
10563200
12755598
-4875605
-15106413
5403082
-14697461
-12492494
-6140376
9443678
5992431
-2323731
-18629547
393407
14257075
11949009
-14346486
-9114156
4782061
-1037754
-2529363
-15910022
-5758264
3574326
16914091
-8905408
11721231
-14271526
-4476496
-14956496
-854988
8136305
-623375
13027094
12364035
-9113332
19647844
-6817473
-12162583
-9128997
-10449991
-4162842
13884626
5702104
42710
-17836430
-11067902
6381956
-16742520
-16562107
-11195104
16198968
-19128707
-17528191
-17328961
-8531720
12853195
-14475271
7987035
13813788
-4605712
-12844868
-6127797
-8023669
-7273537
-16707271
6243272
-19784779
-579784
10202329
-17664849
1446396
15859753
7554318
-2724726
14218509
-5671341
-16937804
16320814
-3597760
-19818587
-12879010
6267865
-4942199
-12391089
13521825
1743817
11646824
-14900728
-13403590
-19932642
13596893
-6087517
74721
4131260
6303305
-4921259
10859819
-9039271
913273
19732990
13605745
-12809265
15433218
6688613
11688251
2397757
3098149
1645170
-6386360
-2500899
-3653484
19697081
-13632105
13927482
-11195771
17163423
15296880
-14605224
-6752748
15253448
-15972698
16107618
15661752
-1244112
-4518371
-15712634
14234683
5565045
-17561392
18351130
-13727818
16315740
-2733983
-12085232
-9846139
15205509
-9273288
-4609525
10449173
742302
5162883
-13983931
-3245768
6055245
14626217
-8750083
13103281
-19063346
-744247
-17439224
1176900
11791401
-10765387
-17614397
16291426
9814727
-18263866
2529968
409378
12859054
3237306
-18652601
10363076
-3777995
-18306265
6718938
13021578
-17128965
5574753
6519375
-4910993
-12553696
947489
14092852
19618137
9273341
-3779442
-16599610
9076458
12859548
15491158
15124415
-19548575
-18229328
-10363000
16167704
12647596
555432
9587924
5409033
-7981534
9652799
11033575
16188238
8991456
-14927912
-10101534
-823630
13132070
-14732807
-4730626
18563483
17154632
-507698
3763832
-11677656
-11903922
-10957991
-15014590
-17693523
14379609
-6866428
19416749
13968834
15659963
4898276
3719561
-6588315
392492
1699092
-19462926
12469022
-16720371
7088676
13293701
15464067
17455575
12467172
6830021
13142079
-15467245
-17413739
-15077652
-8095367
-12211058
17390739
9789565
18415043
-13528316
-8338108
10910342
-5273983
-7934956
-12311439
-14465019
17065181
-4132443
-19982312
15384135
-1849000
-10207319
9409121
14600212
-9023827
-19935781
6500062
-189268
2489227
1980931
3131249
19149075
-8612685
-1888166
-15165858
-8145080
1118314
-6679537
-19343712
-3004796
-4606168
-6480068
-3199701
-5345122
-17657266
15879429
8476060
-12687567
-10896318
-6132118
17009132
9179360
18247679
11121218
13987899
-16296651
-15361199
1522986
6424296
-8115006
7841080
3644750
-19553652
-14972254
-15194299
14068525
16627236
-10308930
18815686
-11693887
-1651609
-3355613
11980004
10788011
7060319
7177913
-858674
6652028
19136422
9302983
19997378
-11290426
-16413029
2696626
-9723887
1789898
-19240981
-2094096
-3492196
841959
-7732496
19187376
-11193960
9179104
14580331
16975636
19433074
-6777080
2137401
6629827
18775075
-8302753
-4765887
-16314412
-4698769
-18756076
-16529589
-19420651
-11537924
16549171
-4910703
-19473464
17422686
-7971198
3134047
18704508
5515915
15227602
-4416471
-6867430
14182993
-14183667
15211980
7388504
-16049727
-15572137
11809298
-2854829
19680223
-432664
-7104882
15570857
19609907
12300881
3564538
13760112
-1088585
-8199233
5702506
-6168932
-16491166
8163594
142602
3384377
-4409465
-15527322
-13287851
-17257405
-7766235
18904272
1071001
6506223
-17826898
6454029
19320833
-3054447
14919783
-6617318
-18593704
2170561
5137673
-14779437
-15494896
12354627
-5247282
2851897
10713280
-679050
-9397804
-18975171
-8161807
19807483
2540087
6930679
-7575489
7208492
-7743642
1232507
-13505902
5797129
-3219074
14648121
18779442
-17964808
9266084
248746
595489
-18906410
-11042545
4708356
-10906880
4609173
2776451
-13492593
4124932
-215017
6865169
11901925
-6680837
8027479
3320525
-19538990
19586604
18695443
17661884
-8387198
19497285
-10692242
5662980
-12153394
841989
-3002741
1625251
10936464
19356536
10561032
-2829643
5397275
5600501
-12176596
18518767
-16188450
912961
12242217
13636253
-12940740
-7117821
9057854
17946730
16401167
3823604
-11324466
-8338442
11012873
2224545
-16158071
9480338
11748359
16188589
-5874963
-11923396
11956577
-5202961
8243658
11030517
-13883221
-5888252
7610374
17796539
9176636
-1058146
-19790202
-14979869
-13930774
-16204633
6616973
-8747011
-3453086
5949713
8004431
-16035599
2443225
-4884513
6802316
-9408262
17541178
-13951764
5850829
727460
-1489800
-2660530
4171399
14981660
2261341
-1800006
-3525045
13160821
6623375
-12358378
16816461
9816816
2889151
-219385
4760633
17474041
15546108
9964285
11181312
2852395
-19970880
11705817
13851753
-3849080
3857431
-11013693
-8702892
4896973
-17765339
-16359431
5964422
-9732888
-6383878
-12081051
5086998
-5952406
14700174
10071180
12665469
1851670
-3608528
12857566
-7927063
-6396023
3963256
-8585669
18101142
3908312
17978279
3073229
-15525568
-10400737
9000396
-18070276
6231574
10789788
19248837
13509747
590102
19630735
13682236
-17871646
-7349244
-13956779
2336427
13072028
17571976
-9428993
804629
14080522
19215861
-16805186
13188562
-4156206
-17643925
-1584678
-8214911
-5848151
-16646917
-707913
8487899
-13522238
7143089
4364834
-9115938
-2273195
12335981
15593514
9346788
3442889
17234339
12381725
-7349713
19810611
-18791835
6512244
10363611
-14814416
-3977319
4188082
10517959
-15986569
11084131
-12113356
-1985787
-4959199
-10910251
-9169657
3548268
10837062
-6343136
9214061
19434346
13522665
-17076206
6476947
-13824924
-12342281
3543170
12216214
8820432
12702908
-19049318
-16954335
1633907
14900155
6820940
-17679459
11724380
-10518028
-8791132
13380688
-7063343
-1881745
-8493036
-12606537
16146997
-1354393
13165521
7461955
-5639325
-19781177
-12587770
13419110
-5429255
-15416482
17340133
9933103
657776
-4112548
3078533
18679631
-3752357
-18021221
4713964
15533322
-4465455
8499058
4032224
-15358850
-10723939
18906081
18471926
-14136302
-12900402
8773674
-4811897
-11649944
548576
-12066386
18640439
-15839416
19251523
17033316
-10704347
-3264869
8122503
15824469
9713373
-19883920
5605446
-8316810
7931973
6289954
-14059718
-7712989
5895165
-14482309
3927543
4948201
-15893819
17707488
-18353999
-959120
14742315
15505142
5758519
19933166
-6641110
-7297475
-3120761
16835306
6132832
-9407238
-12271
-3524397
1778319
4308268
3098081
-19561116
4929151
-12689533
6929629
8020795
-14254795
13563685
18655831
-109373
-9200222
15490464
-7367643
-13666274
1935692
6982806
-413877
-3583442
-13294802
3150093
-13350571
-19902761
5384690
-7298713
8729011
-14174162
16059661
13932244
10650462
-16548064
5327767
-4714008
8570579
-17056635
-8663739
-18653295
-6702041
11628102
-17485276
5015303
-15484840
18067165
18451003
-11794599
-18917337
1771782
-15160773
12272117
338212
19897993
910708
-3735387
-14975624
-9314998
-5901003
10028564
-4213110
-7276439
19089146
-9951642
-4022592
19499908
-12967556
-8878069
-11768870
-4096787
-6418827
-11714831
-11091037
16445830
19419837
-17696113
-226365
-3308012
-19833777
12470198
6081384
-15881208
-11009193
-2735735
-11882160
-12783167
-2203896
11896815
5584402
6493550
-109492
17205095
-13149766
-13365919
9430122
-17377062
5979666
-14941964
-11970115
12715762
-15038101
3315643
-16200493
19919722
7940213
3014540
19772457
327508
-12136106
-7205876
3235412
-3200059
-12384422
-14451163
-13424037
-10228833
9143041
-2564864
668913
-6192195
-15257284
-12760830
19363946
18579370
13393156
17251783
11836627
3096507
14095327
3092686
15724520
-13098742
-5634432
-15960892
16966508
7418842
18188557
-3161989
-9175752
-12464052
-13814515
13309908
9801895
-4935700
-12575864
13877096
-12179416
-1110229
5496634
-2454154
-1683062
-3237761
14258559
6536370
-957942
11713436
6848814
-19509146
17951260
-10751821
-19840726
18851515
16415708
16670217
-16362896
11554156
-7467380
14517844
-3443082
-651014
7257159
-1334426
18875277
9520561
-12257062
2701242
-16676931
-7541113
-2527533
-14531253
12134310
4353763
10247877
-15017096
13716383
14674459
6777399
-16463094
-12245625
15578759
10802857
-14141616
9949090
4911417
12303882
10202616
11116214
3027605
-10655224
-1670812
19695537
-4406522
-1442267
-5087632
-2847794
-3792363
7965778
10960447
-8027210
-12164392
-18151390
17960605
14577015
12388454
1482202
-2331499
-9866451
16053526
14194701
1373339
3842747
17146808
-274664
-5909685
-5939485
-4302511
13385988
-13254067
4831492
2782802
7637123
15992644
-6688631
12563824
3825452
14067023
-12521007
4644309
11974923
-8348493
-7240375
11139219
-5091664
-1191658
14322734
6543053
9942058
8668683
1451554
9960009
2359295
6789293
-18335407
7048947
11705841
-3309656
-10889944
-2347002
-5979239
7339097
12960665
-19100146
-13949306
12075429
7974619
13940499
8879572
13440296
-15528003
14630570
-14659983
5946899
-2739328
-11028268
-14966764
-4289026
14801562
9956228
12409873
-1298149
-8187983
9460670
-430781
-11894516
6970662
-4815894
-2038803
-7202400
4804349
6368936
-16349291
15572972
6742062
17203901
11199957
12997506
-19746441
-1353744
-971176
5409678
1877436
-2034757
-10671101
12485886
-18977744
16930313
19451514
-8183216
18977355
-10933825
-1985240
-5108746
16630059
-5053455
6717935
-12408387
-16756039
-19250897
3321082
14784075
988284
3582501
-10993326
-9608213
-15948495
254149
-12730367
-33685
9234913
-19843651
271370
-6420027
4590242
1219506
-12781660
-1446021
4865891
-4172595
-10947652
4794641
776096
-12501651
11870246
15511478
-14639553
8144456
19550445
5053648
-8815860
11986779
8650543
-16534943
-6654816
-18931683
-5054492
-7522551
5543714
-4001146
-4741172
19879651
2101935
8970628
-15385984
-14795788
14035741
1575339
-12188759
957861
14831368
-15972869
903473
5116744
-13908584
-12886982
-10826285
-9482873
3728197
-1273531
-6864532
-17920768
16721618
12626872
12624276
5688323
-13532034
-8535427
-4113393
-3153251
-13672166
4194362
4175276
-10869224
-9209521
-908061
1521609
-12911680
-3599903
-2290546
13023420
-9781241
-19367741
-5922925
303804
16533246
-2641197
14786616
3116591
-8513199
10200304
14034011
-8205431
-39466
16563392
-16347931
9106053
12069785
14862284
4185857
-3298170
-7557803
-15749102
-3821600
-6689944
-17573910
6352459
8091006
-12320417
-4957621
12523623
-16674724
-7087706
8725264
9561501
-9013901
-5408754
14371515
17246422
9468404
-13545216
14923693
-6683015
-19518293
-17809791
10033991
18924433
-18100578
-19634588
18861142
10795724
-16242293
9533801
-707588
-13109549
4056326
-14457400
-411067
13538695
19025001
14119898
-5952085
9541544
-5483286
5212831
6970601
10825810
-5229832
-13422856
-7001627
3831520
6496057
-15963833
6550916
-17245645
-17817892
15884413
10698298
11479729
11189921
12425329
11769638
14044219
11760706
19762911
-6932427
14449903
2050542
-19600693
12575695
19277572
15946371
-15007345
-4305421
-9930599
13995595
-13649505
1501801
8860403
1015416
-4865286
-18855597
-9149428
9059805
18936834
16982581
4069693
19219537
12933717
10327358
10197930
7020394
-14893847
10114275
4953883
8234005
-13692285
-15749238
-3639081
12445836
-9605976
16457902
13074739
12818212
9522913
-145371
-7471867
-10040030
-828156
-9082020
14504733
15967185
-15415130
-14666590
17759643
19761146
15431560
-11964934
7279949
-1597784
7931028
-19349352
-13743322
-12107032
16987061
-16114385
867212
2874016
-12523849
19101222
4907845
-15573143
-15171706
13774412
14415681
-7605095
5540869
-19033552
-980401
3633992
-14876776
-15418922
-15086267
-16268645
-2550147
3701372
18290964
-12083558
-18791837
14188626
-2932858
-1095031
-6833247
2351773
4016591
19539528
18947019
3179860
6837322
-4964624
17758164
10911448
-17298145
12050306
12863458
2818808
-16476958
7202637
16486137
-6499398
-3722274
2126532
12778464
18786550
749002
8265580
-15044698
-3446319
1122438
6537467
-16416822
8029764
6817665
16838033
3022915
17051847
10694199
8188349
16766180
-19541933
5958263
-16347879
4646003
11221418
16950334
-14824207
9290586
11116531
-4878138
6408283
629674
-3763887
2024313
7860142
757781
-3305009
11317542
-1283711
-15489225
-12964312
-15895897
-3957578
-4118798
9506036
-5437625
-8226040
-14813799
17851964
13580296
-14649009
-850393
-4584305
6771190
9469385
7853422
310386
5119901
16855751
14042655
-16727481
-10247736
12978852
-1265935
-3253105
7643107
16439528
11514913
3259648
-19867239
3676184
-6542981
18942236
10232112
288754
14373756
-16338777
8596641
-17941770
-17584585
-8355400
4184069
9905769
-16444044
6641475
-18715740
15931548
-15066753
-13440783
8450250
676499
-2925587
5532267
-1105468
18483282
11624669
1939017
-11013633
6670793
19928213
-1538657
-14850875
9129808
16888110
-11873663
4119017
-933055
6150227
-7622494
14834214
15473046
-9213310
19171128
-14474688
-14852727
-19154678
2153906
-14712165
-17496145
-2670495
16143460
-1058003
-11825932
-11770806
3966619
10747463
7900641
-13968090
-6767049
-980006
-14427271
18363676
-2351402
18053200
17078711
5794631
-3795405
7560640
-14956038
5940379
2829035
17263169
-1202908
14801015
9029447
-15751803
-13569320
17443829
-6985775
-11811698
11967528
-971373
-12519313
-11001888
616334
-11220086
15204019
-17128168
-6665248
7821416
18054088
-17428327
-6630289
14175814
-2244905
-253162
17051085
9392558
-18953613
2984508
157985
-8844024
-2512204
16741659
19153856
-15864002
-9915541
5125365
14671941
-6402403
-10521970
230125
-7637588
-12226088
-15393501
-17771034
-19566873
1140537
-9461065
-8565629
-11646067
-1789617
10177251
17432444
-7063941
2794119
16261703
5663908
16074860
660126
10911766
1403476
3427293
8809701
-174359
-4344493
19876330
3043179
-3178829
-16024859
-1922643
-17073057
-6433690
-17388435
2437827
977634
3295625
1207717
14442228
8178137
14351573
11017019
-13324961
-14553071
-9834301
-4110787
-14771415
-8436289
19491068
-8342536
9294706
-2487506
-510710
-13197570
2182865
-6711427
15670962
-18153822
-8453082
-4687326
15356449
-19423157
-1002129
-18885106
18526246
19320753
-18502074
9150007
-19365971
-66786
-7801976
-14780959
5335102
18907360
7400175
19607716
-6983512
11665333
3264859
-14778421
11063848
-19990182
18776646
-8529330
-16713606
11969102
-4815129
-204876
-12130495
3609984
815367
1321725
-5642946
11589809
4641539
-13182854
12764589
16582693
8530804
-2848335
-10516857
-5935484
10433857
10524424
10877046
-1821017
5963987
-7760640
6684532
-6384189
4054901
-11464232
-12214954
8537724
-9787147
-12825714
-8611772
8743775
13039054
-13654144
-18416236
-1573008
14791759
9551748
12644023
4140018
7396664
14825481
-16683101
-11839050
11303516
-13076554
-19692785
70176
-11764898
8045027
-4746936
18876184
-3319152
-17892047
17717734
11856539
16372985
-15527624
-7848835
16782751
1084466
-5452883
-2801513
2395660
11733116
-16956955
10030833
8456676
5730055
11117554
-17893937
18327343
14899322
14804629
-4592174
16358216
-3027380
-5507859
12042419
11353734
509723
-4545536
10744387
-16869534
17605190
6554422
8845503
-14868083
-8353325
6117649
-4385297
17610366
9539748
3847105
-17045737
17530400
-10376468
-19793821
-4808229
-3297843
18027894
-13102242
9426868
3964902
14389307
16632361
1776531
-10005216
-13441425
1824004
15367946
5927295
-6727568
-12254566
-3704492
-11941027
13884785
11303647
632783
-19882086
-19259803
19327570
-2098745
-18854676
1765568
-4610459
-18321615
-4810944
9418862
5626695
-18489522
-11119160
-2242250
6272546
10868851
19773377
2413446
8792747
1363763
-334331
-1931261
15512568
8961347
-11170701
-1817927
19779840
581412
-3853970
18461216
16176270
-18743030
9569936
-9009488
9275614
-16452663
-13836502
-5305843
-7974103
-10718412
4596946
17367314
13381571
-11098217
-18677461
7248870
-4341216
15842031
-14019182
18767615
3588670
-13853820
-19033065
13330736
-11321986
-11655878
4214068
5846151
-13283932
-12605889
6519952
3886561
122509
-12682126
16428579
-15330482
5740507
18549284
-9696574
7362667
9041216
18053345
-17973997
-13385508
12044141
-8481833
-6139663
-2788790
-13983268
-11955579
-8327706
-19572239
1546019
-18227294
766339
-5463132
-5663084
-7592114
5115734
-4036973
9559632
13151511
16377968
-1564713
15695612
-9424252
-12644038
-14039701
-5076968
9695147
13478094
-15358793
8562096
-19526564
-3769724
-4719923
11860898
4032081
-6080701
-15931956
8110267
-8603277
-3685118
-795816
7435483
15908847
-18412344
11011576
9145143
-10641601
17876915
-4501170
-2419271
11808799
-12427092
-6619952
-9998078
-926982
12721051
-5669309
-8410136
-15554137
12761513
19423714
3451177
2096505
-6284931
18806185
-12570249
-13502049
2754798
-9430067
-15712398
12324877
9885829
13619149
-7254752
-582464
1167224
-399462
11749907
-96140
3361288
-11405795
17968664
-15734139
384966
-8906029
-17487388
-10470132
13266151
11508873
-19119395
-5876764
-8652412
12106051
-5955400
17028108
7463833
-11501310
2507493
5625344
2103081
-16520115
-16110053
-17312808
1764855
-19027737
-4925729
-6570279
-4771120
17005895
8797750
15830663
7013585
-8875629
-13034147
-18517312
-1028650
-8244454
4954797
-16435252
14941749
8234589
-19001099
-9390575
17896642
-9595783
-7172695
1384020
3747359
-15050928
-1531423
9546280
-15026149
6121631
-3089905
18944159
15370205
-14165885
2305110
-10462523
7951867
-1314848
-3974511
12459318
15383642
10754718
-11768164
17326857
16317310
13068967
-898907
2192602
-191743
-9649783
1507771
-12352574
-6772982
8947446
18645710
4276903
3045584
4753713
-11777328
-2531255
3616884
18313577
-2722768
9553708
16248867
9852521
-3827395
-3362814
17683886
-3818776
5683209
-2745207
-18996957
727112
-18306535
-14287054
-9524084
-12138058
-11152213
1485049
14504217
-7920930
4417448
-18196524
14458071
-14579912
-889533
10584729
-476990
-6151171
-9542597
16155838
-16170579
-2728973
2501218
-18068737
-18426111
9286416
15268001
19230782
15686846
4651958
-17592779
-15389783
-15737532
2240730
-10167387
3691830
-3082492
-12814907
13686952
14984930
-11048937
-16509179
-16057579
-4471497
9243853
1695326
-10198353
2007949
-6559721
9119412
1306596
1006693
-6828159
-6211367
-17015298
3413774
1141443
2889632
-12660753
8284408
3291117
3631166
-16547988
-1367133
-18577446
-14082971
-5041624
-5146903
-5462785
10242694
-8748895
13748300
15223687
-2086479
-2237266
-19269968
8305629
-2350185
-10719643
4704218
1096660
-17381953
13288637
-4501317
4432922
-11509220
13522237
15954472
8202898
4698093
-14714299
-1768946
-13061434
-19090797
-17767972
12477480
300796
11843460
8284491
-12629574
18894393
-634735
5544163
6189434
18891213
-4370055
6824121
3484688
-2415807
-2545040
-12828061
-9984116
-13921719
-19178652
-10559248
-3594673
-13207967
13161603
-5276760
-926667
-2298352
11331773
12314597
-14772346
10012780
11232064
-3711750
5050972
13104083
15031689
-19751030
-8333660
16623505
-4972291
2433375
-18599834
1150156
367100
-17512112
-15920228
-14664499
-3640251
19741463
-2079700
564652
-1619091
-13773623
18652206
-2679085
10599430
3072345
16170394
-599401
15911641
2830587
-5750588
5595334
-18215412
-12163193
1961380
-14111318
-11667705
2260690
-9804254
-2356136
10593464
-12438737
5128300
12785399
19967104
14080659
-19611501
-4782677
-12930336
15306289
304417
-9390561
-745162
12737506
-3417900
13356136
17368826
-18632772
6758816
18367898
-9574477
8820375
-18530327
18360191
-239970
6642196
-9913482
-10204832
16158439
19751266
5743163
-7035875
15893629
2417356
-15517373
5131544
-13618898
-9383115
-17118806
-1699674
-16713671
16290750
-19408816
-8946934
-3695324
14218644
-10522555
16247179
13921181
-8426525
14953162
8661523
-8487980
-11623285
9530830
-7376938
7960440
1666459
-12494417
11547873
17432899
253560
-5442064
-15689569
12534650
4536496
13042479
13554490
4519602
17286842
-13006926
10730169
17370733
-2123630
4439246
2543145
-2886134
-13680370
-2662507
4930623
14167374
-13840147
17988916
-17957129
-9630387
1214629
13645127
-1083983
6283790
-12339659
2962580
18330271
3600127
-4082904
6461835
12840428
-14568344
6759613
-8893170
-4736999
-8257517
167699
18414010
-5264434
17485651
12901807
11295887
-3385817
-7553826
14540098
-11511835
-19116332
4773708
3034370
15137633
-11643819
8319883
9651812
-1198058
18441110
-4860861
-1081078
-11208077
-15763981
14928081
7495440
-13396354
19693112
-7641507
-4285619
5022802
3320430
6626353
14007297
-10650539
-3289967
6941532
-3210359
-19752742
-14572871
290298
15040277
1709309
-11577726
-5709013
-13912996
-15569257
5371134
19537066
-16555640
5347706
-17818920
-5149423
12182615
1244956
12598526
-19949650
-2701755
17855806
-4149660
918968
-10422876
7434366
8207095
-16400159
9739429
-18378849
11078319
14844467
978616
16482652
11623478
9679432
12103294
-10045100
6830394
-4477405
12236510
-15786084
9038994
-11588109
-5103345
-15466206
-16344986
-5860629
-6616058
-19625073
-16650613
-15940289
3506364
962814
-12598935
-9811890
7194932
-17254684
-11108611
17850452
-6000124
-78266
16867873
17344887
-6694187
-15150595
9280039
9143775
16569695
-10104265
-3385969
4257180
6607612
-1430502
-18500475
19716395
-19890604
8090970
4010027
-15230386
5891694
231249
-5666285
10568591
-6266300
15492750
-9996749
19203723
1326785
10816569
3427322
-17351826
-17024049
7619629
17991332
-15636724
-11651198
17433361
-696483
-3266380
-13907436
14447173
-17856674
-19855516
-9979061
6840690
-14332348
18415796
-2464229
4250254
12081311
-15837294
-4096650
10532993
-15289249
-9101903
-14817902
-3435386
9134567
-2552134
-17702203
11304166
-10860195
-1168797
11022767
-6291905
-15975481
9739649
-19074041
7050765
-6536921
2790847
-10304048
-13176025
-14487
-13167116
7481748
-10324387
-8968816
11768675
-9760476
-1088184
13636610
1561293
3650072
-17072024
-7277189
-6217177
3754421
16556841
9303620
19900885
-8777917
3821217
8718152
12815340
19652985
-3434463
-1823939
4819556
-9550306
-849034
-8003001
-6383213
-18089474
2026036
5070057
19573168
15265197
12524185
-19214102
-19766121
-3038207
5904350
10262012
4786697
17877012
5119676
-9054994
-3202748
3149688
-11288903
928546
-3695990
1960008
6860480
14311764
18800547
-11595652
-8746472
-17815131
10809060
16972687
-13990877
15429039
-13540210
1652222
-17540278
13298959
11104340
17855264
8410985
-1057444
7762453
12533416
-16387081
-5591082
-8070328
-7370644
-7972316
3430910
-3249321
-13664024
2711765
11398746
2396475
6252588
-8422429
6672238
-2587625
9915387
-12506817
6964477
15587280
-7348891
-3301417
8665206
14253656
4135201
-583449
-16414035
15262451
16030075
-13593122
-8313326
-13275253
13068502
9054409
-15850890
-2822639
7118097
-10176959
3261492
-15202306
10655190
7836934
-9022719
-12413081
2538150
2961624
5428477
57594
-3623942
-7773050
7577386
-19627388
-9691127
17551360
4068483
6723288
8312215
1186045
13563191
-2261487
669969
12484297
-3854325
10114312
-791649
-1645003
-4259050
-8673344
-16844859
-5985963
9263134
5564271
-11805586
-2414408
13155111
-482238
16070885
-3382011
-6433634
13373079
-10223513
14011966
-14442953
12823831
-7737447
10997455
-16223246
-16066672
17297308
8945280
-5531453
7011440
17952813
-11513960
-3744173
-1163029
-15031509
-18587896
-10801640
15177352
-8114671
17636769
10618576
14595704
-11050946
17480355
-15036253
-8613537
-10921353
11306356
-14353012
17585997
-19443817
-10666937
-16010861
15190728
11699990
-12632919
-2252144
16465305
-18366028
-11202602
-4288319
12339491
14460624
-19429971
-1087619
7381471
944409
4248490
-6396481
11741163
-19714800
-11012523
8758270
-13842331
17621746
-13457463
13034455
19562684
3118633
-18618453
12012095
17111787
-4015475
-9633040
-15945925
19403039
17129762
-15871425
7971246
-5061385
18350282
1505978
14072348
-3030017
2647965
12009795
11832492
17441401
-4000624
11464855
3934800
-11033273
6192909
-1257604
-16986516
1680170
9281062
-9854491
-5232265
14566028
-17158701
-12118380
-8485055
15433046
-2772530
-15191120
-3581568
3290004
5444181
-19724752
-19304080
8769054
-12091495
15167346
3500339
19510033
-10994576
19391962
14456921
1960258
9996014
-16247246
13537448
-10509390
-10006299
-6803806
15719191
9833973
-2366149
10017277
7936364
-13953889
-9188412
-9056930
-11067032
-19255289
204809
15859359
-17992442
12843125
8997129
17525582
7963933
10488657
-666837
-13436526
-18981813
12521012
-13793761
-15018039
17209439
13296187
16173415
-9676221
-16929164
-3841236
-7831316
-8887847
-16210400
16869497
13684098
-8348545
2506150
18982287
8583577
-8769583
-13846705
4771079
5711168
-1643586
-19088250
-19757375
-464353
14292929
9426294
18278535
13573984
9719623
16114092
-14155121
9469658
10204395
7162004
-8126889
-11787876
-10663661
19496674
16745563
9120642
-4813660
-16344457
-14694985
15600797
-6987494
-11053742
-2935530
-8470258
-8553132
14797007
1577381
7198295
8019402
11776678
-1944338
-17553048
10122436
2644386
-4853178
14010112
-8686588
-17185960
-14029509
756471
19541000
-16300845
1997259
9670867
-16983366
-14370414
-11067045
-17030430
-10323303
-8045754
14675678
-16519222
-10268917
6595960
-19739488
13238753
8131156
-1568638
-5117215
-11267925
-5665078
-2105954
-19389509
11811606
-14976236
-13247127
1625490
-17882120
-2227770
16104043
-630580
11039351
-9666689
-16820597
15022461
19362710
1124970
-10295678
288045
-5392385
13318389
-18062053
2753547
546708
18947979
7027849
19068495
-17589620
380938
6815096
9807671
4875888
11857321
-6960260
14862566
8471094
-9275506
-10090886
10422982
-11771801
-15823662
-5694950
18671927
11539518
-10640878
2157828
8963877
1536057
12399943
6002324
-3606250
6987887
16863383
-13851658
13319589
-1498817
12078650
-5084777
-14748805
-399245
-4374287
17167360
-18133356
-19865004
-15402821
10912855
6688441
8338831
17222842
-10656720
-19694954
-5812139
10946437
1808694
-16152076
10865085
-3970725
10637211
3597829
-13948162
-11484832
-3701187
-3235633
-12678312
7361138
-5682375
1277063
-2640773
-19014936
7338272
-5248021
-11048778
19365993
13702468
-2698391
-3414634
-528373
5140385
-1281788
-199708
-794974
3762482
-12536758
11283814
-16974241
-10001813
-10279452
-11786336
17561701
18768310
2231642
-11025050
-7473782
18978748
11658330
14373249
-13406042
-14736080
11900260
-10423539
17024881
-15462446
18247592
-6319844
-6653304
-234109
-2641273
4000285
-8363447
-554810
-16061422
4962980
-2301820
19014123
19830871
-5494306
-2390674
16045484
-7524215
-907533
-8419172
13617602
-989074
5163609
-3566112
-6478771
6903085
14142821
13293875
10280773
18307777
-9133669
-4044891
8739255
-13929974
-3649251
-18755075
11671424
-13270105
2683605
11207944
1769353
-26108
19223340
4911934
-17589501
-3372558
14445309
-2558681
3663366
4905786
-379934
-9959010
12897957
12548929
12042920
-18274097
1609544
-2221800
17149017
2359669
-14184633
3513562
-16867569
1283063
17312181
19186453
-3130357
-3547513
-18513068
7011570
4021756
-19053507
-3602060
-2325221
84318
-6514401
-4197652
4225971
4733198
-3107371
9209225
-5794503
-7615647
10892220
-15547454
-4256803
-307320
-17150841
10156159
-14670645
-12904286
-3963830
-4905936
-9764962
-4679809
3498824
-12204623
-13704127
-14429325
12477108
-18251876
-17708225
-8347235
-3372677
-18610835
16454559
10895702
-11108661
-5354160
-3056491
11536961
14399676
-5679464
9372643
13236288
3299345
-2600007
10647154
-1731024
3204839
15644522
8865634
-5675152
1931006
14625527
-12304469
3709275
12812673
5269263
19248429
-18282581
6438363
-3548057
-14087113
18070059
-14290997
-15488332
600398
-4934412
1167407
13954076
11386702
-19478962
-11490629
-12397939
-14513584
-140286
5817440
-10683599
-1058134
-8748885
-3204396
-19489840
-16955242
18922890
-10779725
1895146
-4306536
-854693
18269166
624620
-8444108
-17240238
16042724
-5451637
7427530
13703012
200760
15693952
-18380152
-14458123
-4545465
-5778948
9209387
4894456
5219323
-16199508
14134258
15295665
-12885636
-14868461
15718341
9684818
-1617945
-8301106
15933923
8809012
-14319623
1413025
8848732
-3120753
-7880403
784137
19808298
-2948594
11156874
435401
-18545640
-18687482
4574811
19214678
13386599
-16902283
985817
-19560187
11003090
-14164106
-4544907
14207617
-7954881
10135712
-546892
-7753441
-2097577
-10466929
-12389651
2041155
19046423
18008534
-2925798
-878695
-1470576
-2519313
-11454630
-18986744
-4581890
-2103032
-6183006
-15898464
664476
12086305
-1231641
15232928
-16461867
-7783155
15647874
1574257
-18638218
13248927
5174621
6981492
13819129
-8553983
-3797270
615268
-11833815
8499165
-15595892
1332355
-9145841
2166584
-17986123
-17264470
-6032339
6658170
19782260
-7885548
-16682714
9018090
-17410060
12051429
19105829
-14694296
-1183980
14732835
13344270
-15848646
-14642636
-14366058
7698540
-5780345
-19704056
-8512608
10637338
-19372535
-8692970
9778522
-3199353
3338600
2231035
-19225159
-1562568
16298428
8254310
-7893961
9751900
1971054
2203426
9367459
6630704
-5397279
9239159
7120049
-6968910
4427690
-14949159
12045294
-3491918
7819406
1997977
10259050
-915739
-6595979
16054945
-11940684
18338341
69602
-14174981
15053385
-19301758
7945090
7208367
13084769
-945423
-11052091
-3752082
-11785861
-7338708
15595663
14947842
-17834106
922789
-16245234
-10958873
-13733476
-2909960
6370058
13453790
-4731344
-18190840
18418038
-16391890
-16933901
-12768148
6214658
-10810541
5006126
6557678
-17902246
-8247684
4092672
-2487671
3741481
-18521487
231534
-11013544
18962454
-4866346
15744217
8884396
12700503
-11183583
-6460316
-15282128
-10780653
10415933
6925132
13724840
18692706
15003936
-16197384
-15675904
-6264598
7036621
-8933048
-4084810
17827384
-17534684
4666262
12658168
3828146
15647656
-8221772
-9219039
8722461
14067812
12782984
-6831546
6927614
-17519004
-9520806
-19293355
-15778720
-14016907
-13160948
-11292679
-3799220
-4843712
7279539
9256795
-4483075
-12261486
10115380
15741074
-10149841
-8795905
2645381
1474173
-7058954
-15354063
4288935
16839851
-6677429
9251140
2543382
-520126
-15461706
9247800
-9363558
-4727398
-16134122
-3428236
1176093
-16522732
19734968
-2489780
-6278423
6131668
18027633
13060189
7889842
-6367994
-9412059
-6999469
14551081
-16501919
-7467251
-2844625
-2693636
6943148
-4227553
-14577416
-10211696
-621214
4195324
6721985
-1064940
12108858
-1663882
3314003
7912005
19371544
-16299176
-18154181
19197804
16815738
-11294422
1152053
-7028562
1352686
13240078
12401234
668909
-5156915
-15174295
-10966105
15528865
19128644
15875143
8176668
-13789765
14907320
-18827741
6415236
-17617167
16338575
18467246
7464492
9731739
-10820137
-19579209
17488175
7855693
19750152
7794161
9661377
-11988451
16512520
6472899
-19333065
-18035776
18852383
19993850
-1360006
-7198563
9581729
9871893
17690199
-7076100
-3971242
-15465453
-3224749
15258768
12127480
-15470127
-5626757
-17406909
8790505
-5451683
1244571
13171104
-16901926
19137645
14673757
17429991
9245489
16360225
5414523
7520188
-14887575
-13622578
19612761
14835746
-15086865
2567261
-3939978
1063407
-9865927
19377335
6603980
-4199654
4599239
-15741088
9644477
4097306
-12782634
-14648335
1635016
9821426
13897677
-3787268
13109959
16567491
-9593434
-7769987
11232340
5888149
-1950718
-9407398
-1064645
14342734
4857695
-11367404
7887296
-15306711
-1982522
-10008158
-16883535
1367259
-7944293
12521585
-12423253
-14186552
-11958608
-15079980
-8117731
-4294657
-8422120
6709567
-6105214
6791108
-6135244
213572
5519125
19975697
11180739
19600201
-8188645
-13663949
-904647
-896991
1152208
19841783
-12831557
-17210292
8948614
-14688916
-14494403
-4697318
2052224
-13458300
8684940
14845631
-12147652
-14444427
-11751858
16489798
9009520
4939323
3263078
15014445
9993900
6636386
11387216
-17561798
-15904838
9428262
15851320
-14917867
18779043
14648897
-946285
11648730
13778709
4913330
1333986
-19887690
-413399
-19590108
-7115675
3959116
12049558
-18580484
-19473644
19075453
7731213
14394108
-14092430
5371417
-9490212
4999190
2188506
8709145
-16268000
-15687403
-13821615
4558992
-14342803
-2689962
-432754
8673352
-6827743
299891
3726266
-13555095
3952237
10228283
12648203
-19188630
-18342852
10344630
-16525477
-9890890
-14501411
18223910
11673962
4230076
-12917077
1066271
-9367115
970457
-3857302
-12578120
19482190
2338351
14173439
-2309309
-11028949
16809289
-6029668
10898680
-7547046
18129497
-17860191
4183868
-19996318
16583084
18189675
4696884
-597395
-14219219
197768
6271807
-3064906
-4699537
-11203672
5517010
-14440260
16067103
-15257333
16646900
2270654
17075483
-15329601
2684682
-2957019
-9532423
7873999
17403012
2981116
-1527911
-17308366
7689197
-11954254
8207704
2525394
-7544156
-11595618
-7005802
-15024726
1584695
18107951
13890053
12284133
14880171
1308686
-19503477
5966386
-6405200
11396571
-11646134
-592881
-7309604
-15939829
-5816628
-6478408
15737175
-664764
19490398
-2943020
13858363
14794696
-15378000
-12797340
18454514
-7515851
-11884501
14313480
-8685631
2616825
3879480
-12348973
9499480
-13462489
3221753
-10699877
15712722
4140619
3174661
-7515054
12152411
-2952918
-14930063
6029168
-2353838
1955449
-15133954
18345573
-2056664
-16774285
12968856
1564172
19500485
-2783944
-9142189
10582310
236467
-12217605
19097667
19216438
1500417
-3717657
-6953363
-205938
-15562700
12875666
12388349
11341796
7861766
10165133
10183118
17666704
5751673
13713219
-16546879
-13494150
11844286
6157423
9312512
-12083431
-1416130
-17526338
2701681
11356364
-937811
-1968608
-12988201
19732498
2286052
-13685760
3367906
-191825
-1016141
7535763
-2692807
-1955950
5772497
-12013953
470304
5659264
4626419
18286189
-2764399
-14433789
2214505
-19105172
8635818
4740672
-6144195
-18849535
-4738208
-4873073
7380355
-12315954
-7090794
18224976
-13006417
-19698975
-745562
178164
-13481470
3686010
612923
-2813571
13699819
-15634808
-15304229
-13501398
-12575662
-16474343
2978756
16760226
-1988175
12565085
17716980
13480221
15905076
-9822291
3972643
1306325
2090843
1002046
-12042685
16438919
732427
16012165
-16444586
6363936
-16597455
17575623
-19644672
-8451947
-16564550
-19510970
-2396010
-14102816
14840985
-9012458
11699340
2685737
-10216696
-4871426
11906996
4752944
-14069389
-13872803
10114223
9887108
10161672
-6333775
15333185
-3520477
569352
-19207551
7437018
-13187501
-10122538
-9495232
-12976660
4155153
-13288983
6905703
-10144128
11701228
-14824615
-14174302
157981
-17572241
-16814611
2547822
16857334
9811356
-12919090
14856015
-18928542
-10732983
15412349
3344554
-6529996
-16880440
-16944615
-14808696
3065494
-6827923
16397248
8624979
-13654416
-12389747
16531086
-10916379
2009151
7271427
6243897
15337309
16353348
12613739
-10132474
3295640
16030962
19085616
-11303916
12375465
15616152
12292787
5035410
-3243755
617448
-2598478
15546439
-6535663
-4068118
6347173
-4598241
-1000069
16901747
-10059959
5299955
-18845975
-8929993
-5819867
-10142806
-16223649
-18888488
-3353586
16875580
-17310872
-16231873
449067
-1865185
-4911005
10768776
-7252666
-18472349
-499736
-11968156
10943383
-15814676
-12533696
-3038972
9364497
-10044889
18163010
-17760343
-5263192
-14504808
-10622542
9284878
8574266
-10810066
-11057941
5655568
-5756775
7406899
-3097096
15316794
-6950074
-8079401
889410
15546270
538728
6666454
15247558
13689579
14840483
16629990
-16485914
18567919
6379191
4123359
-6455550
-17808114
-2299469
-19287960
-2009302
10586048
17266620
-7607204
5058982
1813202
-10423562
6534976
12078873
19570534
7818351
14229179
3053590
-15558729
1513067
-19813045
-8603307
8606384
8260185
-2241606
2108769
19856034
8645948
-4613881
13479419
-10291592
2263813
-4532673
-15770939
4897643
-480628
16206963
-11517357
-15339753
1398841
-17164945
-15803819
-13006955
-9733263
2428306
2667428
-13223823
-19002336
-12470371
-11486657
-1461788
11409746
-10002647
-11895144
15830823
14977924
10951482
-13863650
-8657136
-6417992
-7927741
7582967
12415445
-9273546
-12296784
-10420273
5636817
17365557
-5010392
13602494
5181658
12023596
9160711
15401764
-1322784
11591783
-17823422
-13246808
7333704
4078819
-10836834
-15701525
334806
-2775396
-8370715
11085643
-9370993
-1443536
-7540876
12448358
5845026
-4273637
-327633
-7001332
-3245130
-10393981
16665279
-2665290
-11058523
-17933916
-7890998
-5397801
-994372
-6348820
-7276157
11869102
-17214641
-95627
17033674
-2263405
-16782146
-6660539
9064383
17706164
-3195258
-4674204
7977906
17042102
7956493
-8958058
-2889964
-12005329
-16894050
-19132673
-8834811
5053902
2649250
6656299
-2546049
-17349273
97374
-13803361
14244626
-19151945
18413176
15432819
-13817054
12551732
15305667
7884940
-19995617
6164171
-16816659
-13620643
14901397
-11750843
-19883177
-5246127
8696789
16420991
-18703953
15618443
-2059576
18666672
17140221
-14443239
9491382
-308684
-2296526
1910894
15536475
4982262
8904681
7873979
1506733
-3129810
19601767
10783214
9017875
10720236
15689245
5551142
5204202
16791750
1895259
11161363
-11128774
-486511
19955611
-6312967
-14865495
-6132806
-9651929
-16982010
2863340
11253279
-19063149
391354
-13279271
-16206347
-12825506
-4256251
-18736255
-5628802
14317784
3255245
15820652
-18907850
19988741
-17452443
-5950419
15599433
14354593
3319530
16915111
9037082
-9876443
-4020349
15965529
-4554371
-5476662
16578794
-17708763
-5940956
9236250
19002165
-18564516
-4984588
13766053
3921355
-5413489
4832653
-3065741
-10706470
-13132408
-2078269
-10780620
7230772
-14754573
15053390
16688737
-2350563
-2008616
-18598261
-17258889
-16687620
14118045
6707286
8962403
-17395526
1521138
-13806498
16195346
-2648100
-5655596
-17577731
-3510922
10636649
14771802
-10954675
18236450
1548651
-3238798
10443956
15401680
12589023
1745209
-18946591
-6083862
-18714100
13217264
-17447031
19234565
-783714
-18995272
-9255606
-12979762
-4792247
-9193145
-17128818
14773013
-7453349
15647168
6256211
825236
19866756
4770600
8591049
-7780325
-3039129
-9329263
2499827
-16129321
-1592670
16974480
-8597396
-4360810
4710367
8819208
16114433
14240245
-468487
18226811
6245022
-3188310
16026058
-11794615
2141963
16561072
18696764
-9954010
-9387602
6454529
10370400
-13828301
1754851
-6585982
8278133
7842926
-9071393
475321
7170712
13669026
14921496
951817
3704044
10850893
11869340
-13172000
-18336296
1879505
2420809
402528
5321210
9080630
-18388628
4784044
1558912
10665880
2146203
-10123372
-4415711
-16280850
-9137783
-18737147
19225142
8560283
8152007
15780354
-8135236
10776232
-11356746
5906841
2341569
-8043756
-9802356
-12430247
-5636692
-7283378
15071187
3714564
-11854654
1069577
-15415701
-13871040
2968655
13927226
15023928
12450640
15318942
1388758
-1176480
1607054
-12041975
5817540
-14468086
-17408527
1918458
-16686681
8271746
-10106310
-14860092
2027095
13794320
8596979
-17000318
-14573757
19143932
114890
17392064
936479
13230299
17644029
8654896
-19057147
19120258
9495100
12699274
6573499
18509132
-19785738
14999227
-19454581
15660635
-16584206
-19111734
7535432
19787945
-10368375
19839815
1051337
-17145372
9315340
-4383581
18930034
-6054099
13181007
-19032386
11758011
-2118187
-5435742
-10835721
8530481
-4149561
-56548
-8355584
6203022
-4168265
2917639
16910847
-16055536
18934289
17462822
-13184381
5713815
-4414908
-19128662
-16855053
-11503830
13895344
-392910
-6987338
-8734454
-19462758
474397
7130040
-5700940
17643099
-16012173
-846749
-9723078
10023252
-9807803
10689419
16621497
-11206778
6694919
-13877046
4051065
8158975
-9453967
3657186
494570
-7973682
11531293
11003147
9610154
4723534
-10238968
-16411898
13621421
-11211751
14787259
-13883500
19502951
-15596326
-8970208
-17015942
4243811
-2052424
-9811403
-553116
-9781361
13162862
16338632
-9052064
1966283
8177864
9849716
13082907
7780334
11214291
-6773323
3321026
-11800382
14441680
1397054
-964865
17901392
-19640663
-8684167
11744671
-13022170
13655674
13955847
-11084293
-9450544
-10944678
8132435
3619487
10384003
-1431896
11243994
-8698683
713202
-12022738
10293406
-9532843
19796293
8709906
18068441
-11243076
7195481
1864470
11070828
14234625
2738743
-11709518
-5238781
18609414
632857
5455940
-14809035
13135413
-18741354
-16477329
5186280
-12825742
-15334730
-17026491
-2798108
6104670
-16228208
5421979
-17034384
-2869386
19090759
8249361
-1667118
17852310
-7435572
-4671572
-3871936
19236215
-12351001
-10333448
-13254719
14479269
17154411
9913196
12678406
4510865
3853233
-17766868
-19793912
-922670
6393986
15090573
-14703220
-32043
15235381
4014319
-8242867
-14357185
-16901323
-12553570
-264438
-18574034
15638334
1797891
6700345
-17551979
11974649
-7260990
-16428916
-10852865
6397973
8144760
16065942
18949264
-4969307
4966791
-15627380
-5384587
19008094
-13305611
-580667
-17772053
-5757990
1690127
-15065777
15817518
7933723
-19224005
-14890280
2307485
13191013
-8780572
-5913162
-14602474
18750658
-13989292
5710701
-13512755
-19339272
95940
19326034
2268257
12530839
16855665
-15173039
-14626214
724280
-16492482
-1301443
7806743
14918286
-1074454
14204239
17852938
9025854
18440082
3151688
1815822
-19995877
-19540246
18006148
-15160649
10166308
-13371398
7975334
-4302339
-12279002
-4380126
-4476637
3597548
-10535127
-179410
-7735660
-11221629
-16632426
9826872
-5760146
11742686
-15871139
-15337569
18914367
-5653891
-12077643
17615306
-5551396
11315538
16028893
-19443328
-5942498
-8898779
-7255508
-15529956
3905729
-13509081
18630490
-2845149
7939391
6175508
16175817
8908980
654692
5434930
13373255
-14736460
11932397
6330109
-11303150
-537985
1179321
-12503592
-19538457
-11927006
-14031038
-9278994
-16730865
-15701181
-1911838
19209586
10985675
-14372386
4353269
17659800
10480551
16860799
-9049326
12669032
3427534
4496710
-7085268
-12024682
-2358018
-18829819
12510258
13652641
-613978
-8456139
-3619481
16222557
-18540885
-3006597
-4822799
-19616915
-15703399
-18671321
-16427810
-18053470
-15197864
-5610851
-15512875
-2091833
12079025
15829847
16033787
-11987233
-17998781
-10110310
-13500555
-14824057
14593530
13593653
-9113945
-8641037
14189759
10634782
-18306148
-17623573
7532244
-713657
-648926
11587013
-19871455
5614787
-3173558
-13180056
17182337
-10874693
-12311222
-7737274
-16541578
18249162
-13602627
-16869443
-15617357
15418801
2628714
-15401860
-2981588
12068603
17518575
-12045222
7038894
11681778
-4449217
-7681578
-10179461
-11272837
15176916
-19313994
19175912
-5238905
13079482
-18626031
-9248398
-9402655
12171867
-3627567
-15251444
3749952
8790346
19991831
-16068199
10039506
1569614
13957971
2705166
10553164
1432953
19360865
-14692273
-5814581
-15254782
-651700
7415035
-15647367
-14108110
1719534
-7561623
-13717105
-5148315
-11771975
19537977
11677305
-1931776
-15964883
18602379
-12296104
18269450
5355301
17836134
-19643771
-8230775
3961214
-818610
-17179660
-13070783
3232693
-6713453
-10092725
-5129448
-6016412
-16128783
19205516
-15745542
-4201798
2357612
4776626
-5356184
15684409
10557714
-18671279
9727470
16025942
-16257276
-9469356
13037050
17260647
-13637385
1200971
-6372669
-3179676
-6631796
13168387
13232272
4890886
-18804986
-8860164
-2817107
-2556744
-12803123
10438274
17205620
10054551
-952398
-19964517
-344410
7202818
8371692
-18055646
-16577916
8780783
12156832
18226065
1090883
14322233
3504550
9554228
-1911036
-6178627
-11927601
8441748
-4988243
18507863
-10408689
-12111583
9769404
13535929
16985295
16984999
-10578798
15082784
6461925
-19285441
-12919546
-13386252
15853020
-17288281
18437105
8763794
17528959
-17961232
19697886
12629544
-6685960
10918269
-9571842
11193542
-10404675
6237958
8783386
-14796449
14663449
1417030
14210900
5344627
-15469977
-8206133
14879044
16854923
-18342496
-582192
10014975
2398164
-11315461
-16819946
19739758
-16510359
5589037
1094530
-18631268
-10614305
-14573199
10971772
1238005
9500256
18306690
6056996
8326858
8371940
-150449
625979
16483992
2791723
-5025379
2813906
-10832171
-10313046
1514128
10281843
1935304
6488416
11903680
-2588399
-2874866
51358
-6662930
2024381
-9805329
-4932781
8583531
2610792
8212822
989853
10551760
17367712
-18622150
-18203723
-1776751
1606191
11506297
13376996
-15189041
-5255589
-4127151
17225512
-8360855
-17557969
8458012
-14012033
-14035357
-4238874
15932039
-13607320
-17372008
11901404
344675
15936299
-19452862
10395285
-15787018
-3276491
4138784
-8315541
5383046
-1350499
-1550755
3020963
-19362085
4213521
15016104
4397453
-12481264
-10498552
-4271688
-9538673
-675635
-17241582
5366934
-14351751
-15456281
12942656
-19014250
-5654495
8762933
-17374933
-7280490
-4541777
-4257562
10725494
-3387308
4766379
-11638953
-4801610
-8255476
4409872
-1069835
9921860
-7217237
9475244
-7090333
4771541
-1801923
3377982
7986061
2691985
-7787218
10648700
2111744
-666473
-16420585
74648
12914892
13318125
-12816355
4624270
14877000
4142740
-11297001
15601005
-1438654
3555723
-15092972
13096980
-3631569
435687
5720760
6044876
16231352
-11577149
18158378
-12738423
10769766
-9973168
-19374638
11139323
-13394377
6458291
-341912
6774274
-15312078
-3718474
14180052
-9608809
19279705
8530494
8651329
19274030
11162324
-3304745
16078384
18585732
9877050
17423679
-5204892
5698068
-17058522
-14068993
16823558
16799523
-18357137
-15979376
-14401136
786199
10905490
8336486
11747908
-13509604
16980729
15459630
-349856
4750964
10101849
8284839
8016855
-12982429
-17962696
9453217
-19047113
-1699170
-7153712
14507955
2879861
-5270894
-10374004
-2508801
-17226876
-9707188
9473407
-4708794
4940141
-5342859
15166240
-16096795
-16479633
-11644254
-12495339
-4270863
62758
-5476703
297549
4444782
-18024745
5092860
14865295
8874481
14894231
14633979
-6987864
-12434642
-75703
8203767
1099810
-14701108
-15926791
-2557521
18601767
-5054368
191139
-18908013
-2540267
9595955
-7261615
-5286595
-14507326
17913757
19200463
14924317
6574312
-7619089
16418495
3199883
-14551420
-71691
-9161848
-13497138
-13675827
-2812420
11891606
14554736
-13780067
12478623
310602
-10477007
-8176456
16809997
9782946
1288219
4035190
-7075144
-18279423
-2695105
-16308106
-170987
-16973943
-12662452
-12121040
3383783
-10905096
-9474194
19713235
2999316
-1799081
-12671293
1847802
19459071
13623617
9778941
-998648
-9157115
-1773698
10410446
4689442
9631107
-19138066
-9170387
13788806
-11616306
14892993
-9619591
-3372718
-3248437
-18636228
3833997
13784957
5332229
-13137215
11372083
18717521
13981388
8491377
1824869
-8768028
-15147815
-17499314
-6100022
13580566
-4552318
7040611
10564460
-4563778
-12412933
10994055
15479651
8271891
4435516
8315109
7510324
-16944373
4589077
-13597311
-3866489
19642828
13335080
-19129074
8152502
3940642
2712456
-7514799
-4827688
6696970
5981869
12823369
-19662937
-4058170
14237693
18501673
-18201692
18977674
-16700871
-17702181
16970291
657862
-10735917
-6980451
7445824
-1632876
16578169
17870951
-7928034
3147375
-11721435
-2986512
19058759
695095
4465561
-11051654
3135051
-5742572
-662962
16345749
-6424238
3567573
-5325329
7361247
5998120
2660404
-10601023
17009359
-13240005
-16161078
-15034706
8628117
-456561
-14009421
1580966
-5783827
5975377
-13609772
18830465
-1837616
7211821
3361455
18017046
-15136943
-9259841
-3575951
14351233
15304227
12023496
19243237
6930952
16770665
17360719
4435286
12322094
-3143340
15703865
-10237987
8417604
9076278
-11393814
-14344398
-17068500
-576867
5931408
4997394
-6057335
-13128759
14505548
12844782
-520665
-6583656
18450042
8549909
15465089
-13571939
-15777454
8019623
8262346
-1386547
9484465
-17932236
-18215118
1948356
9628607
1475334
-1516476
11805897
11398994
7720681
-14810769
7697773
-17129921
4696864
-2342779
-3882296
5644061
-3756329
-1969108
19138609
8163883
-19619840
-19115992
10979414
85542
-4331283
12778298
13811709
4008181
8300182
19985483
11331290
10446519
-18046911
-16461042
13844084
10213500
5352438
8858865
785289
-19267241
-13186441
4214642
-6807475
-11677213
-18050024
-13938835
-5950035
19895339
17060788
10640478
9970467
-7736368
7087529
9022801
-10329859
10184023
-16896356
-11682485
18823230
-6086054
9090367
-18396114
-2956758
18265826
-4025638
-1780232
-4502326
18505366
-10882543
19863533
17444738
-19218670
-16965455
-4468398
15853622
12894956
2816582
6707596
10616105
402793
-7892182
-12290520
9746494
-3276690
10637777
-18640127
5305227
-8835212
4595387
-1243954
-159559
-1574225
10195750
18205259
-12266379
4772046
1361045
-5890345
-8150540
15322448
14333286
19533150
8311868
10685158
19618746
7537382
17995784
7749679
6566631
8902815
-1160266
-18736687
7948196
19496246
-14321902
5939410
-10792925
5547975
-15269083
-18952881
4688177
-4620117
-16533017
-12439060
-703803
2818984
-385481
-8837532
-3352564
-7076579
-17885374
-15226721
3907422
6723299
16942693
14964286
-17165116
-4152196
-3575484
-10908740
-15785369
7002221
-13725971
-2314349
2194227
-8728431
-17411039
-16604241
-19892057
16664352
11534336
7181856
6953732
1608097
10643830
-11633614
19163477
7630359
-16131772
8022607
17264836
-15836230
580068
-6968110
11944593
-4326773
-1833040
-4520359
2877765
-6011396
4198931
-2581953
-53786
17318415
-9278941
16198158
19027255
-11477345
-15573028
-11161891
-17192942
-11646848
-14172240
8370496
1517955
-10855302
11457926
-16355105
-1377031
-9303870
-8599463
17509663
-8041070
-5933998
-18515235
13129713
5079488
-11983435
696120
4077089
-19584745
-5792149
-14235178
7116973
-13180492
-14031164
11701852
-1456318
-16242047
-3974110
4790987
6068831
-5805680
-6454597
-5703320
-10097803
-12592299
-16691062
11703743
-15469755
-4059936
17832308
573930
-6747957
-301551
-18833685
-6899860
15771123
1304192
1602677
9630140
-376903
1036692
13550774
9440676
13764576
9335852
1342165
-18628135
2669158
-18327112
-19488832
2844774
18358254
-8562962
-10664331
127288
-3691641
7587273
-12065453
9872008
-15404180
-6902415
-12823744
-14982231
18129314
8958336
-9238500
4558386
-10675819
-6282373
-9536724
-17750577
-6606682
4665532
-4818967
-8358763
4413565
6191960
-7688058
-15544524
-255237
-14141937
-12511160
373411
-8148894
14355552
10690512
-10561225
13901386
438382
-12465657
-13771688
8409720
3467410
12567421
10496867
-14159881
19541401
15730908
-6677383
-6104630
-17706692
14748349
16315151
-14073304
10518913
5440643
-7326599
-8433996
-2081031
-14373574
14551417
15650593
-1808264
-12332853
2280838
-16195193
-14680723
17407442
-7216035
12422772
-11523358
-12394696
13971381
12372386
17821588
11176962
-12876127
6389296
-7006619
1518669
-6993949
10244477
-9847765
-9407198
-352989
-115235
3663239
10234429
4463297
-16688061
-7406368
-16023677
-3992211
-5718155
17710264
-2045578
2466477
12115587
8554672
-8221029
-6513804
4465690
2213417
636200
13296851
4941005
-10356382
-19239894
-18524965
5181042
15207405
-13577339
9859531
3811417
-14002025
8028135
8960002
-697229
14804426
-4937651
-777480
-7042404
10858926
13117288
-6007916
-7092192
16688737
-1487747
-19713181
11616816
-13707072
-16703934
-5256472
-3018348
-5236685
-970559
-13657353
11920938
-4638195
4392328
15279196
-9226968
16104418
-4376640
10297205
-7424997
995365
19750464
7261515
-13172785
5233627
-89727
-18901004
8313381
18788389
7773176
12224747
17924504
-15109956
13599322
12271794
-3916968
19414114
1356854
17176735
19358122
6637598
19690390
-2480667
70584
-9512968
-4408923
677178
13395873
-13856723
900048
-1714850
-6229815
8737679
-14922539
-10869889
13860096
-7395716
2196263
5772383
-8245594
16767701
2332126
-7436262
-11177334
-13027970
11995701
11354712
-9424810
-14584377
-12403525
7505293
-7306291
6791028
-5851048
8818913
18220134
8199752
18788299
19066347
11282437
-1371867
5056801
-6183240
8401867
1201372
14402001
16952094
-7548992
-350293
10139967
-8959660
11677389
-10250970
717207
10133761
-16890976
12815861
-6043936
-12284551
-14892948
-17757099
11085955
19668915
11708982
-8762149
9686920
3134831
-19903334
-16770386
5917157
-16160506
-8553441
-13152481
-19657722
-2670264
-18415845
-8419015
-2353780
-2087239
-4507752
-7713608
12352473
-19621174
39056
11459630
-9469351
3122750
8452777
10206792
14035686
7140041
-18436701
-15200005
10136350
17680768
-2676612
678668
-10703311
11286538
-8477855
-14054808
12137055
-11455525
6068720
-9713824
-7592275
5773573
-3310453
-3419569
-6830612
-1511738
19803107
14450596
-18128274
14539873
-13808825
-5725463
-6365424
-15459361
2536054
-3418318
-2005200
1175905
-5947112
-4125160
-5366428
-14420033
-5429963
273436
5383003
15231757
1577123
17765863
8354658
15635968
7457643
19309181
-3910484
-14269943
11304233
13348195
16174815
-8204582
7629177
-10626329
-18791044
-14701114
13279777
19376117
-11309956
3523598
-18293980
547454
1939824
-7166731
-15827368
17805344
14399462
16952724
17320587
9917172
7234963
11045500
-8922681
19548819
18326217
-10529163
-2684479
-15801777
-599897
1962665
9344471
-14317359
2180911
-11188622
-13709086
10296138
18761075
17640559
-8496123
1127160
5159227
-17012330
5980822
-11786540
1234311
-4848866
-19065275
3120698
-14568459
5966803
-11480336
-6278345
6841852
-10582825
9411075
10577953
14295969
-5705116
7493230
-3226748
-783568
-8906668
18397623
1114128
-19442936
4141587
7487668
-6768296
2516139
-19538347
10777941
5091852
-15260249
14166984
-3368415
-12440142
10807777
-509477
9211733
116597
2535770
-11308735
1153700
-7346750
5130436
-4342397
-7307816
19620290
-17988193
11079785
4502022
19094922
-9504817
-1417709
12330330
9267431
-12731386
11431359
-17339033
-9048714
9760495
-16734928
-8743260
-6706935
5597150
-8509732
6569385
19647737
-16966526
1857754
1077636
-6766119
8324630
2511832
11573314
-13133561
19227683
2642933
-5023052
-9939209
8682622
4009352
15861463
-11688510
8771161
-587090
220727
14953523
18870385
8925801
11799788
-13346799
2736238
4553049
-1427643
-6787373
-7273099
-4448602
5060575
-13307987
-13066992
-11651625
-4579821
-3328624
11270975
12602913
-11324696
-4584337
-9499039
-11384331
-5711327
1017533
-16627435
5370624
13744026
-5264967
15062907
-18581384
14166730
-9438289
-5843326
-8562944
10946241
-15242504
-14483108
-10295848
-13511394
-2569866
5735727
-4106091
6274185
-3369436
-13702412
9335047
-13732064
7785483
-9096844
7813145
3499891
6002891
-15277777
19835741
-1529945
-5174783
19081482
-14750812
-15764012
7354901
-13148067
-13859431
7924841
10139958
3132296
-16928716
4428356
11655583
-7288253
784855
-7825377
-1991301
-9899447
-14768682
-7044689
19953620
17910653
-15306121
14887718
3668445
-18765741
2209301
18590332
16889542
18849660
13859943
-1225249
5237558
-12286559
12635880
11236034
13346254
17832902
3979629
4155398
-10860387
6581923
-5104448
18255969
13665793
930097
6467322
-18205888
-14636215
10214140
10160931
8330953
14863496
-15306766
-10717558
3140900
6047272
-1528249
-12887541
17779571
16030893
5772231
-15732603
-9374659
17531398
-4893411
-398174
9582251
13735185
-15495550
4508914
-3132756
-18953849
2415117
12507673
2239033
7318897
-3716311
11957757
7197495
-16961386
-11645464
13508927
-4933816
-13322061
4154401
-254076
10756935
579482
7728764
-17385714
17569360
12149717
-17909909
-15640231
10770517
11040577
-11927726
-18846754
10691405
-2870167
-14740703
-3307803
-17883316
18345819
-12423421
16360555
-17845987
15262714
-11330860
-11889279
-10702358
-19975159
14421731
8631447
-4690539
-17676951
6275971
12124803
-11773285
11789783
13819867
7456079
3965063
-288429
-8721421
15117684
-12384403
16096874
17095473
-18490660
10497047
-7981686
4361135
-19083973
-16451873
-10208458
1862993
-10961312
18536314
13612585
9935256
3490004
10713255
-15238958
-9760539
15853239
8181990
12548089
8913535
-4315524
587446
3191581
-15759365
-12478400
7230810
-942865
19465194
6379215
13279268
-5102367
9353188
13509687
3211263
292458
3437876
9867013
18310440
-19352113
-2269567
-19692741
19929233
14384874
-808972
1759158
-7274952
-8848736
-12128022
13770433
-11966793
14335431
-19823933
-4271716
19870212
-12376793
-2573024
16465447
-7848263
-14966195
16390159
-15550562
2671233
17813700
1720586
-378006
19914427
14635769
12533676
1548536
6139436
13576373
-3333230
-3932615
19426191
-12113637
370556
5524867
-12047246
19199762
-163629
-5097427
-1499290
-8937307
-10571127
8031225
-17211445
17158285
-4831782
6137217
-10403503
-11129780
-3997307
-19865897
-12030618
-15385766
587651
-7468023
-15504381
-2287848
9800715
2482992
6874332
-8642737
428119
-5682094
4349106
-3863647
10181855
-9952662
16859747
-16152523
7918967
-4127168
-16370699
7663221
1897054
16377732
-15118843
-13193082
-1922933
-13083905
-224471
-14251565
12804879
11688996
14781579
-312710
-14772599
19143883
-3958789
12496019
9991342
-15997763
-19046014
1841095
8911998
12724674
4475736
-16694873
-12528053
-16606241
-1799895
4520580
-11442811
11837741
9160974
-5106942
10766827
12210127
-14863684
-18010686
16647846
3344388
-2825355
13795535
1718311
7375173
7055922
8882734
-1950336
9781640
-12198097
11001101
9864699
13262189
4167919
2510643
14991064
-16402519
17398542
11338717
-10484308
16057790
5107244
15494691
-19629581
3665699
-13464034
-7606026
-5703299
13140798
498681
-7072668
2356781
5589675
15706264
-15141196
-1379930
3202943
-17000176
-3723404
19390861
-9888305
-8631781
12225047
4827146
1370622
-15596717
-18443022
57763
-2325588
17545995
7289198
-18412296
-19826775
-6650603